EMPLOYEES.eid  EMPLOYEES.ename  EMPLOYEES.salary  CERTIFIED.eid  CERTIFIED.aid  
13597	guruzzppihnureqr	77260	13597	62779	
30248	phtmumaeiowxwduo	58849	30248	90054	
53649	llnnsobltbimkyze	32394	53649	86705	
70052	urbhndmwfsrfxnsn	2795	70052	69444	
25443	nzuqiezfqqamrbbk	82295	25443	66410	
81930	tgxcdehbrajtecqg	32601	81930	83173	
80163	ezfpmftmfxyrzkmt	28700	80163	14572	
57101	uzqprnjsfpbvllkp	1044	57101	94221	
49830	upmxyoiocjxtarum	79940	49830	26986	
31402	dsobbyphggrybszu	86664	31402	74409	
48303	ezjnnymykztcwkyg	33306	48303	34537	
25011	zzrrukfbiiywyrxq	39944	25011	54194	
73877	msgaudmzrrptorif	25947	73877	64742	
32068	gfiqyysvvvndvxat	89479	32068	6354	
89434	aacrhgdajrznkxlw	13439	89434	3710	
64517	alsgcjrzhtkkmvzq	11219	64517	35150	
42716	siteudpjinnycclp	31523	42716	79733	
46175	hfcvslclkyofyoms	16830	46175	71101	
4766	prwrajamccmgikfp	49738	4766	82630	
71173	uhizouwublzzshtj	47511	71173	61947	
62450	qlirzhfkwdudprsn	68363	62450	9930	
33095	yqkktdabnskwkxff	38677	33095	83558	
68571	qnjwflgmwvrufxti	63848	68571	16274	
37464	hrwstdskppwdjkbo	77034	37464	2536	
45576	rurpbzdzxjsxumed	37314	45576	71527	
55797	rewfoeplnppwrayf	89160	55797	71401	
74603	qrmjaoyauidrnjso	66982	74603	63585	
21967	eevhdfbhswhfdvyn	9165	21967	67195	
48657	mhnffpbkxdkxggko	24527	48657	64872	
63773	yalddvrrdvijploo	31936	63773	30027	
50048	adebwadirblzyvdn	63426	50048	75167	
40219	rqqsuskzqtlchyxc	40697	40219	68785	
70295	qjfstchlkucturur	21727	70295	74649	
94566	etjwafjumfnakfcu	5222	94566	41303	
31190	jqqbiopstlloxstw	51555	31190	55879	
42406	bipdalwjsmtgulhx	19899	42406	9507	
17622	zhewlbmdvuidnuac	51095	17622	60810	
97984	winmplcuptfubwmn	17141	97984	49857	
46174	jmpafuefzbqiiytm	18008	46174	37039	
38631	ngjdskbkgmwdijdp	2105	38631	82187	
61861	nykyvuqhpaprbwod	38163	61861	55799	
71540	yaxbewnjacsvfqjm	83055	71540	36501	
8800	izwmsspoaglirnfy	1714	8800	63869	
1677	zndhqghovqhgpiui	39564	1677	14513	
10618	zosjqkshejzjmfgv	57204	10618	49747	
12399	wgtjfiblghthqjet	11380	12399	82577	
42375	vhykdxkjbjrmcetl	89947	42375	44148	
3457	vhsnqiostuoqpqsg	98347	3457	67702	
71991	zvgfzjlfhgzhlfge	72963	71991	91862	
98727	qukgtlosuhrouwan	35054	98727	8797	
61644	ktgjeihefmtrhphg	83267	61644	82588	
51199	ytcqpchihdafdjwl	41963	51199	32756	
43673	owpibedfolfhssdb	15149	43673	74175	
25162	esgvauybllaymcgt	70317	25162	7718	
72054	cysjrajbtkkmqzhu	89344	72054	34508	
52577	nabdquiwgqekvmaj	70620	52577	73680	
2741	fixgfkdzgabxicur	73090	2741	81790	
20280	bbizhvnzzjibkgyn	45470	20280	47474	
6839	ftqeekmuosrqxlql	5352	6839	15198	
43468	jdfgkwealsqrfzku	67198	43468	64401	
97944	fmgptqgbqzvazamz	66192	97944	19972	
30814	tickiwfqxdqotauw	50814	30814	15318	
25791	ercgboxgzjmhzfog	30545	25791	67185	
82979	iqedgvkgvjsdojej	63491	82979	83824	
71452	hdwfdrydyeuoecct	66853	71452	31927	
15578	fctqptgvaebzvzfi	76785	15578	95277	
41451	rsthndcomfvjdykl	98210	41451	18898	
82337	mgdegwvllijcpacw	70697	82337	73850	
29977	lauwlclooquxugzt	6743	29977	10882	
45974	vyoltkaiboarwgss	14551	45974	22022	
60338	grxzvxjtplgfjept	73657	60338	58685	
21920	mmbjxcdlkuhlhnln	11752	21920	77950	
44924	ieltvwkwyjvlyydv	82627	44924	58497	
62074	cpovbmfxnuvyfiua	346	62074	35346	
76380	qgaxxrxhbfgluxze	61993	76380	23178	
15037	zqaebtmqsxhoidjr	51267	15037	96130	
14230	nczsilxetkxigurz	28537	14230	17929	
49694	wrhpiueuvoguevaq	64738	49694	6472	
14044	kihzxiuivryxubvv	40964	14044	92245	
36716	frlxzdwunslfcmoh	32781	36716	2951	
631	lfhoefrbhknpnicw	62804	631	86860	
90329	xpdtzejwxtggbpjp	64472	90329	31257	
80422	pgmteicjncvjqllo	54402	80422	99886	
34868	bfstyqpxzprkqdln	12631	34868	55588	
5700	egxztagofhsvlxil	87051	5700	73060	
60470	jzmfkrotcnltmmjr	22657	60470	46995	
13177	lwfykyvmmsnnbrss	21861	13177	62856	
89948	cxcksnyahdlcqkts	10275	89948	30470	
26227	esszjpzqikrgdcti	84599	26227	98349	
38072	wegskwndpzfvdvop	4456	38072	31172	
61105	udpvdurgdjyaxclq	79998	61105	54587	
71262	fngoxgblfsiblbue	16585	71262	29177	
26406	strfckjaudxrregg	80519	26406	31736	
39855	onruprruvcfsmxkh	70413	39855	54823	
186	qkzofhnclnhsobqf	7832	186	36956	
29313	iqfxmxjlialhhynk	80572	29313	40242	
98875	ycjprqwhpaxcxieb	33115	98875	24571	
10218	kbmybylqgkseomdd	62469	10218	94737	
24922	azboxkdquabyphyu	21396	24922	27990	
32529	bnweibcrzbnslfwc	95914	32529	95447	
53792	kqtslmlqppzlqwsy	18773	53792	95432	
68701	dwpzqmlbkfyxfeux	10119	68701	2839	
91715	npnhwtzajtmkokbw	1618	91715	26866	
43937	zvjnptaokpkslywn	11888	43937	36133	
85260	hciksxmadzwwsbow	1549	85260	68912	
5278	yryklyxozglfnnil	24642	5278	61021	
81414	jufelzejimdxjuul	89934	81414	8545	
644	qwgkemycezgyhvio	6925	644	63796	
92947	paqepsesccocoscc	45751	92947	87764	
93937	otdmfhvlwehhsoeh	52207	93937	41282	
44393	rztoioannpzvjjgx	12582	44393	82820	
47227	kpdtnpgyttmcgxuo	80939	47227	94169	
5059	weowvkjwytfybiyh	35204	5059	32820	
97099	pyaumyvtsytinevq	7911	97099	12813	
3985	gyjnhstuobyixzfu	94167	3985	74605	
90134	sedqkxkddetpydmd	94638	90134	68106	
10246	yhccmbwkxylaqmet	29596	10246	87987	
42943	dtprzplqwzalrzwz	63597	42943	85016	
95692	csjtemwktthepkrx	34461	95692	12734	
25111	bczgckdfmzhhkqgg	64461	25111	24974	
53300	usqifzdsxfxrwwxo	32353	53300	44756	
45597	nfukckdphrlwfhsv	98004	45597	40693	
44406	zfmptzacffdxdxlm	85153	44406	48863	
5844	qfniaszfdrpkmjpy	55144	5844	23089	
36551	klunomjmuexprcbh	30685	36551	9037	
29035	nyietxnysjqtekqg	14761	29035	2376	
58735	niiazvfnlfenqkzw	42288	58735	43599	
59533	aolxvshqwfsxdmus	87690	59533	18271	
62558	tgbyerzkovtwetqx	2887	62558	27444	
75679	egxxuaaswgllukla	57229	75679	29453	
13336	ttpgfilchlrmqjnd	56032	13336	58392	
39132	azhvsmebwewpbbdi	97979	39132	35736	
31519	kmtbtygdxupwxaaq	16337	31519	20300	
74926	zknhupdfsbjnlohe	71104	74926	89679	
73995	fqzxwmxpfdtfwhcx	86328	73995	48258	
99700	tiybcrtqavkbxsqy	64617	99700	81561	
30413	rzfqjrjfhimdxlrl	115	30413	75614	
27431	cqlevpnqhbhcibak	54434	27431	60784	
54983	euybjywdqnjjjqly	99333	54983	81504	
64067	hpskkzhbtjnmbdha	62988	64067	35536	
94720	vvkxjnduuegfzeys	93754	94720	23301	
60554	nipmdedtqexbrnhq	53846	60554	36720	
56457	qiaxlnxyxnqvtemh	30093	56457	72143	
70943	tlgxyfcczyxaaxrk	60581	70943	75621	
49696	dnocugzrelpraecp	42277	49696	96371	
76432	sjmpdwhpyvprhtlx	34468	76432	61932	
85430	wompxmomtyylcrzr	3067	85430	76037	
83570	qjaxcxdksqsvgncy	24010	83570	73778	
370	zajldslsuxnxkbqb	22702	370	78173	
89772	lswtqskvxgjjemjv	1005	89772	10755	
67412	detyzwoekxltrupo	19611	67412	47038	
48573	twchlpsmoesgxzmq	23636	48573	21842	
43782	plfwdwadyexponuk	27154	43782	86472	
86589	pkckbppkiimighvk	58496	86589	13305	
37647	iofirxvikxfdmobj	64165	37647	55234	
27188	xicsonexyulkyvxo	30868	27188	22336	
47377	hyrylrbnhcxubncu	40119	47377	82080	
72894	wxfsnicywehbnqdk	32134	72894	50843	
17500	nwzygtlrvbyqgzpz	89690	17500	12802	
72663	rscrsvaftcvgztao	5471	72663	73158	
91236	tcoeinsjzlzjalta	99356	91236	88823	
26913	yuivydmtiluvqvli	81086	26913	49993	
18131	xkuwxtqempgexvgz	12415	18131	53951	
60876	zcvkimytvrnphxzz	120	60876	44893	
13741	ylzdbiihqyojzzuj	41616	13741	37739	
47429	krudmaiuaxmkgqjq	9195	47429	48274	
30102	bqbrkfvsfqoycobr	84351	30102	1737	
54976	qzaoiqxkvnrvdgwp	17574	54976	13901	
89778	ojbxibgvmksaduar	92477	89778	92687	
98718	swguxigssufhyfjb	75182	98718	56347	
29939	pbdgdaxjcwlujnul	49177	29939	10848	
52887	yykiebhmeslxdlcq	7728	52887	71287	
34366	lgwtgbnkysrevmgd	71210	34366	95529	
36187	rwrkwrfhncdvqngj	45427	36187	21492	
99770	kgjnglsixeqbdrln	78987	99770	43224	
1421	xihvseixzqnfwpxf	23659	1421	99800	
32822	lskiusvbjmmeusbe	86683	32822	61627	
47824	lqguxjdukxuggvdz	50118	47824	22283	
20529	gqgboyncxdwareca	27439	20529	14525	
10582	ssigflthetkqanpz	53536	10582	81998	
83568	imlunepcwokaxzqi	11894	83568	52412	
33639	rrwurnqtlhppovuj	50438	33639	44438	
64216	qnmvqqplkfqasoch	57600	64216	51921	
34906	bfxfziyugkljsjdg	45675	34906	78940	
33489	lboglmfciagbwspr	43363	33489	98210	
14222	ckcuendhxxobvwaq	4258	14222	94826	
19149	gogwxvszsbakelnj	94792	19149	17875	
42160	uosolbwazovukjbe	38247	42160	12263	
84400	bwfqtykpqdzmrpxw	10241	84400	25817	
6459	ricmqhptfzbtkjrf	62809	6459	16558	
9214	bagcrivevhicmbev	13313	9214	6901	
9896	pykdimfvukpkezeb	71617	9896	6979	
20202	hxdywjhhceigthaw	75805	20202	70967	
91677	dutplfzqiamkitvu	63337	91677	68474	
54891	orswggtnvnjlgvko	82698	54891	65147	
73600	iovl