CERTIFIED.eid  CERTIFIED.aid  EMPLOYEES.eid  EMPLOYEES.ename  EMPLOYEES.salary  
64517	35150	64517	alsgcjrzhtkkmvzq	11219	
42375	44148	42375	vhykdxkjbjrmcetl	89947	
72054	34508	72054	cysjrajbtkkmqzhu	89344	
90329	31257	90329	xpdtzejwxtggbpjp	64472	
61105	54587	61105	udpvdurgdjyaxclq	79998	
93937	41282	93937	otdmfhvlwehhsoeh	52207	
5278	61021	5278	yryklyxozglfnnil	24642	
5844	23089	5844	qfniaszfdrpkmjpy	55144	
47377	82080	47377	hyrylrbnhcxubncu	40119	
20202	70967	20202	hxdywjhhceigthaw	75805	
45662	10878	45662	hekzbqksawbratxl	98004	
72031	76686	72031	bnlwtmrlvcpwdthe	8994	
8578	62492	8578	ikaguqoawerkykot	61243	
32628	60954	32628	zdmzofmfxtpdxhef	53118	
14471	94352	14471	vlwktilrqvusedff	99443	
18266	32163	18266	klboupxfdouehxhj	70613	
1151	31130	1151	zvxihwodjxqglnhw	9364	
11631	37775	11631	tasgroaqfccdewos	9965	
40232	9644	40232	vxkeajjktbgsxxkq	1324	
90991	75241	90991	dawhxrjuaivqpmud	81310	
62153	32008	62153	xsitlyqysereaxsb	26119	
88391	6485	88391	lzeuccrgtxvudcxo	92465	
41810	60639	41810	bsbpdvgasrsphwuq	7159	
33266	19032	33266	cszonesjtesoahvu	10544	
94036	63560	94036	xpsyxixstnworkqz	33967	
758	73778	758	bfhtnwfooajiruif	54635	
28749	65303	28749	ontokwzkprtuovpz	98795	
33830	8080	33830	dfqocsbkaocqqrmt	3811	
83777	38044	83777	jhoehncvhjzwjqfl	26814	
67267	95251	67267	bdstvhyoyufojqft	5411	
21991	70311	21991	ajljsrfhdzbelkba	76328	
51613	83116	51613	rxjbfcfjvkwtvrln	13057	
82123	26546	82123	ajjillpionvpxbbf	38152	
39960	79897	39960	pvkslxtaqawcmcjc	53175	
11335	11559	11335	mpihriwdkrkpxkfe	76141	
12108	88506	12108	fqyoqslgfupenvmr	75709	
57576	46496	57576	fcieqxjbaqqwtkgo	37486	
99623	58793	99623	cnbdmhjfwovwgwry	96257	
1972	25778	1972	wcgjfcxhehjyopgn	75002	
36536	43914	36536	iolyvwyxwcontqie	39401	
68849	24861	68849	jvhweplgwjspewln	6105	
47620	37289	47620	ummdwosdawfkldkm	77360	
13597	62779	13597	guruzzppihnureqr	77260	
49830	26986	49830	upmxyoiocjxtarum	79940	
25011	54194	25011	zzrrukfbiiywyrxq	39944	
10618	49747	10618	zosjqkshejzjmfgv	57204	
29977	10882	29977	lauwlclooquxugzt	6743	
15578	95277	15578	fctqptgvaebzvzfi	76785	
36716	2951	36716	frlxzdwunslfcmoh	32781	
81414	8545	81414	jufelzejimdxjuul	89934	
29035	2376	29035	nyietxnysjqtekqg	14761	
86589	13305	86589	pkckbppkiimighvk	58496	
83568	52412	83568	imlunepcwokaxzqi	11894	
84400	25817	84400	bwfqtykpqdzmrpxw	10241	
26743	62285	26743	gaiazxqbgjsfwdoa	6997	
41073	96453	41073	oawqtoqrcgpqqwec	46201	
90869	13992	90869	cfwcmjgxrpvbdlbc	93357	
91827	48474	91827	yzhyelqbnapcsmrx	74203	
92393	86737	92393	cwcgbqxtvfxbgaci	66464	
54492	62273	54492	ynubbtggdynrxyar	25505	
37623	70216	37623	yhsrbnrplqljfiee	10578	
65443	68535	65443	znxlijmjtnxnkyos	61938	
29306	46084	29306	utddfijukjzzzmwm	25685	
61757	38305	61757	nfqluaxjsqxrfeeo	54433	
76997	28499	76997	jnzqrditzhrgzakm	66599	
79047	77101	79047	skzxtocfbupjudzx	78043	
60364	57273	60364	zfhktdxncgmoykjw	67116	
24165	17006	24165	ayagbzwafujsmkdt	20266	
50505	96974	50505	ngteqeynubukywns	64922	
47407	37686	47407	ibyofpehkqnccbdo	91886	
10891	38595	10891	hdptdtodeyiqcxmx	29393	
24464	75110	24464	ryvcwlinmoqugtbu	90463	
14226	81459	14226	qzvfpqypfowdripb	47328	
72055	45491	72055	sfgknihokvfuzcoz	3034	
2494	65013	2494	zsbmyveqkdjjawaf	84825	
16639	60733	16639	krqxpallzcetlnxh	81429	
70857	26272	70857	wwdkzfiwdptukida	17497	
39006	72309	39006	zalrrpbejhmviyrt	72374	
7362	38831	7362	xzycladzrautjypx	50005	
21664	69900	21664	rmybzujxyuelootm	75784	
58376	48656	58376	bnkkrlyhxiohhigs	58440	
37338	54154	37338	yugsgsiuctyxvlzp	67602	
44787	81088	44787	udcnwqijpixnfvta	15083	
8428	49607	8428	ydpcwxoadaqjpeqf	68261	
79489	85411	79489	katikqdhigaldimg	42184	
22221	70016	22221	iqzcizmvylkdmhdw	61622	
29834	8646	29834	dlknmxyljvussrqq	17395	
17092	68621	17092	qshtytdhfkunajgo	12440	
87971	46786	87971	atqbdijdpognibkm	94594	
99596	32137	99596	qpaogymqocbmpcqh	39819	
4380	50296	4380	ibfcllalqxmdffsq	54388	
44100	50834	44100	efahnuuboemfeick	40009	
54172	428	54172	hewzcrbnwwokrrdt	30413	
9125	14416	9125	hhsnhejvmxcesbeh	40378	
42716	79733	42716	siteudpjinnycclp	31523	
37464	2536	37464	hrwstdskppwdjkbo	77034	
71173	61947	71173	uhizouwublzzshtj	47511	
46174	37039	46174	jmpafuefzbqiiytm	18008	
25162	7718	25162	esgvauybllaymcgt	70317	
43937	36133	43937	zvjnptaokpkslywn	11888	
24922	27990	24922	azboxkdquabyphyu	21396	
59533	18271	59533	aolxvshqwfsxdmus	87690	
96776	49103	96776	vstecdwgynwihqyn	15301	
87371	49634	87371	slnvrkdibyrejctr	37098	
2821	60221	2821	vacewtyqdddvmvdh	27879	
94775	95090	94775	rsyfndaadypyjexw	54078	
54711	8879	54711	kruwpxziemusfmid	7324	
46496	25887	46496	lpmvlngayylpohan	2483	
53609	65015	53609	qainqnckkznahhdw	48413	
17240	72258	17240	gpnofletcokiyviz	20128	
30336	48000	30336	nhjxktizqcncfahc	14745	
7812	27843	7812	yvvvoobddzyedibx	50090	
19238	6673	19238	qgmdqrwdqeuvihii	24867	
26859	99777	26859	faqocmxnmgxyadro	86498	
12442	55467	12442	lipthbglczyzzelv	92488	
96351	66400	96351	apxnlucrhzlpatya	38441	
47738	48489	47738	sagcabphmuuqxalg	74264	
32249	9641	32249	ebmtkejygktbgjvh	33131	
84148	50279	84148	ndwlzpeyqarozuqn	4634	
61396	33827	61396	fvxglaujfnzhzhah	69187	
81163	44875	81163	yuojrldfjeqwbbnk	8438	
4273	96417	4273	cjrhdemwgtehlmws	42662	
14330	81400	14330	vfzlwmmdolmyqyha	9231	
60256	34865	60256	deesqkjmznrnplyx	20768	
83163	44951	83163	ezolxeyreyzdrxli	68872	
44891	1440	44891	aeubaadlchbztgfo	78028	
16483	63443	16483	xsjblhtzgsnchlrb	26343	
23171	18501	23171	gqjxhyhfagxmfbor	34487	
28888	74065	28888	swcptlkfehoruimq	6200	
60733	79903	60733	vwkuldtewkulucyl	65100	
11991	38397	11991	jagwpkqsrdfuwmck	20161	
87539	85692	87539	umdambtzilbupamd	99845	
79248	19811	79248	nyavccfnlcoksvvj	82645	
52566	20416	52566	ibljuolgtzacjeqs	43747	
56141	56809	56141	chianyatmhnkjukw	25564	
94566	41303	94566	etjwafjumfnakfcu	5222	
71991	91862	71991	zvgfzjlfhgzhlfge	72963	
26227	98349	26227	esszjpzqikrgdcti	84599	
97099	12813	97099	pyaumyvtsytinevq	7911	
43782	86472	43782	plfwdwadyexponuk	27154	
60876	44893	60876	zcvkimytvrnphxzz	120	
41704	62915	41704	auygizfszieifujf	67732	
83797	52893	83797	fsufuttxwvmxyhhk	28640	
86507	35844	86507	uufhhzkcdqiatuwv	75139	
1793	16306	1793	tkreaezgossdkctq	17315	
42615	85391	42615	vfebgndvvfujujel	81563	
51869	41917	51869	uhtidsjyydeeyqkn	87527	
84808	23274	84808	mqnyibdnvltcjdxd	55704	
53168	1971	53168	flqdfyhrwugvwclb	55668	
9147	21065	9147	lcfaexobifmrfpua	81185	
37092	44141	37092	pkqkrytnhbnrpmna	37010	
91841	99346	91841	yitrcynhirqyqawj	22097	
38753	16391	38753	joscdznnknwbctgz	89675	
55903	39728	55903	xaqmlqcatodnjenm	38959	
96446	8772	96446	fgdisbbssxjgkyve	76465	
80462	80199	80462	bwoczfkibuirrvgg	84630	
47691	4897	47691	hvkbqnbtfcdofovb	16485	
72866	98123	72866	wdyponvtvyyfmfdq	89489	
1343	61350	1343	ulouehnwiclurnok	58976	
14421	8001	14421	bryajzbephwkpqlm	4253	
86347	47902	86347	rplziqzsduutgewe	57637	
67558	88033	67558	foaeoevhtlmidsol	92258	
35241	73806	35241	kblididghyucdlfv	30008	
7047	87080	7047	clbtrjlugvphojwy	99985	
47728	72924	47728	wkznwtdjcenaczvj	93815	
60153	10201	60153	jdpecxzyhnppgikf	71749	
92760	90285	92760	lnwpczxjveauqxmh	10691	
42660	56530	42660	wzhdqnnwuyksttrw	22008	
839	93258	839	ennyifnnsepwotgs	94617	
24896	50169	24896	bvcfdttfvyxkdkie	16958	
85453	56889	85453	htzltasxzwogkkmw	66007	
73953	44348	73953	gdqzcnbuyrbneclz	75533	
45126	12731	45126	tewmqukrljlrignb	35940	
20653	23535	20653	cgxfexshdvtwflew	70334	
4274	70467	4274	fbolueryowcvdrge	18236	
62588	99997	62588	lvntxzcayvcyhpxc	83634	
64764	93308	64764	ztthxfiavzcakkrk	16996	
13496	34594	13496	hcclxugghlfxaqib	43588	
45184	81684	45184	mjeadwflgtvqukoe	22182	
21967	67195	21967	eevhdfbhswhfdvyn	9165	
50048	75167	50048	adebwadirblzyvdn	63426	
25791	67185	25791	ercgboxgzjmhzfog	30545	
631	86860	631	lfhoefrbhknpnicw	62804	
42943	85016	42943	dtprzplqwzalrzwz	63597	
45597	40693	45597	nfukckdphrlwfhsv	98004	
74926	89679	74926	zknhupdfsbjnlohe	71104	
13336	58392	13336	ttpgfilchlrmqjnd	56032	
48573	21842	48573	twchlpsmoesgxzmq	23636	
34366	95529	34366	lgwtgbnkysrevmgd	71210	
53616	37601	53616	vwwxdgqhqrnksojy	23600	
86127	75850	86127	kttugaldeuczhxkd	30559	
62733	97693	62733	ajweidnjyleqtpup	10562	
79621	20940	79621	hekpnotumgtfeccj	65762	
91178	43708	91178	ekfpfrymuopnlchf	83268	
52834	64555	52834	rhakbkxrfwdabkwx	39858	
33208	93335	33208	bqxrkzbmlsacuehq	40016	
20387	71851	20387	laceqbnnupnwvuqg	24712	
67592	23206	67592	eaduiqpuucoiqoqy	46141	
45169	87767	45169	mlyrawhatdxrbpvg	95034	
21933	48553	21933	mchtyvyvaqnsknse	15431	
81928	85423	81928	bwenqfsjoioaqlxm	36452	
82977	82638	82977	tulytfbxtzfujdoq	55574	
95651	13063	95651	xwvsbthghpwqmoco	49896	
39712	87922	39712	tuybsjadwvwfnmcb	77541	
78528	33716	78528	modcsjqmvkzwteov	1266	
71655	6269	71655	byyyjybbbdqtozaw	85798	
32561	40451	32561	yktfjhdedblnumfy	82235	
83674	58544	83674	lzlesviuiojtftnx	43493	
79258	94486	79258	wluryqtkgmmhomhy	333	
48715	22916	48715	kscsrrrsoppfykkc	94227	
96794	14580	96794	qvcbjvbwiddlxpov	11229	
32259	55806	32259	iwaccqkxemsryanh	77311	
7999	18660	7999	jsgbhazkvqyfuhrt	85565	
67069	9553	67069	ccvdacuhuwlxsuys	84494	
43098	25940	43098	rtopykawgxyzpdmi	76060	
50949	69053	50949	gtgoblnbrorxdlad	78996	
18144	34979	18144	yvqystsjmzsfdebt	64115	
51690	40481	51690	gpiqyyqgzyxfmkab	42252	
46489	69258	46489	cekuewnhnhjbplhh	22486	
81930	83173	81930	tgxcdehbrajtecqg	32601	
45576	71527	45576	rurpbzdzxjsxumed	37314	
31190	55879	31190	jqqbiopstlloxstw	51555	
98727	8797	98727	qukgtlosuhrouwan	35054	
71262	29177	71262	fngoxgblfsiblbue	16585	
92947	87764	92947	paqepsesccocoscc	45751	
3985	74605	3985	gyjnhstuobyixzfu	94167	
99700	81561	99700	tiybcrtqavkbxsqy	64617	
85430	76037	85430	wompxmomtyylcrzr	3067	
98718	56347	98718	swguxigssufhyfjb	75182	
64216	51921	64216	qnmvqqplkfqasoch	57600	
39455	99104	39455	xsgrzacifixmykyo	25530	
8491	24292	8491	gnqfvogdjzualkmt	95949	
70365	78678	70365	hxgppwobdvgqkqrj	53507	
97497	23805	97497	bhsriqpwsowdrlog	39318	
45507	3289	45507	zzkrgtmqoexbwhdn	35985	
89632	6304	89632	usirktmfcokzhsxl	99819	
2431	38915	2431	nfnswsqcmalyblcp	84897	
75837	80098	75837	rmiwoeqnwwrjgibz	67892	
58972	31855	58972	akenngrcfmqonxjl	31805	
67708	34303	67708	isugehsumaqlivgu	68530	
14391	59720	14391	xhujelbutwplbwgk	71066	
87100	79468	87100	wrfpjrqjkwtyyddv	28759	
72126	6041	72126	cicysbmrsqjjwpas	58137	
92392	9569	92392	ndylwsasxsiyytdj	91189	
31410	64584	31410	fuegmyryjuaeydfd	26558	
53301	96066	53301	zqyewicrmbbcrorj	55406	
32244	89364	32244	uuldsjgprhepbnzq	44416	
90776	83242	90776	nvatptcrxxsdkjgq	77171	
65964	93156	65964	wkdkcfzdkssudhfv	21929	
84295	92149	84295	sgjndiepeyfokqpb	79164	
8619	9526	8619	kcwgieorswzlucws	23232	
82524	74303	82524	sxidgsertdrbkyfa	14445	
46053	43136	46053	qbrfaykwzlncyynp	2949	
22455	29041	22455	yeftgzyxmhnzjife	84963	
4939	11094	4939	kyfgnpwqtlsrwpvw	29700	
96933	45669	96933	lfbfcesbizoyarpx	61057	
60166	53011	60166	yxekkppuxozxednn	7368	
34296	56664	34296	fmjpvpnmqmkppbqr	31603	
21670	62254	21670	bhqsdbdmeltqguhu	95986	
55504	85348	55504	ufyxmfsupkrbhcgs	99946	
69425	49920	69425	zfinmjwyozzotbpg	96213	
30631	22499	30631	tqfvuideglfdbqkp	59920	
57903	57893	57903	fmxsguhnjcjlcnoi	48938	
42780	23665	42780	cglgsqdffqaiqupr	7141	
12182	59956	12182	wfgeywlajbtlojkw	26234	
99998	79145	99998	xybxvmmwntnwoawv	69250	
11630	73031	11630	hypvhvhlrntejmil	44646	
4236	62867	4236	ypalcrnpvjhbpsou	95793	
48848	34536	48848	zzhhwgwdtlaqxiji	68078	
47346	80643	47346	uzbsidlokponrvwu	73241	
82140	95430	82140	cpjzqttfhrtjlbnn	89324	
2181	93651	2181	goghsfbizetbvwjx	97392	
52352	48229	52352	hyldhiozldczjocj	72355	
82446	91421	82446	szazilxivhyfshqu	96786	
36199	74322	36199	mscazjzcgksduqeo	61905	
27387	63256	27387	dvikapmetnyeelfn	81594	
61339	51227	61339	ownfnhpmuthsnodv	80528	
35709	50271	35709	ulinqxfzqconywxh	36083	
32068	6354	32068	gfiqyysvvvndvxat	89479	
48657	64872	48657	mhnffpbkxdkxggko	24527	
61861	55799	61861	nykyvuqhpaprbwod	38163	
3457	67702	3457	vhsnqiostuoqpqsg	98347	
38631	82187	38631	ngjdskbkgmwdijdp	2105	
17622	60810	17622	zhewlbmdvuidnuac	51095	
14230	17929	14230	nczsilxetkxigurz	28537	
21920	77950	21920	mmbjxcdlkuhlhnln	11752	
98875	24571	98875	ycjprqwhpaxcxieb	33115	
90134	68106	90134	sedqkxkddetpydmd	94638	
94720	23301	94720	vvkxjnduuegfzeys	93754	
83570	73778	83570	qjaxcxdksqsvgncy	24010	
99770	43224	99770	kgjnglsixeqbdrln	78987	
66457	74429	66457	mrwolqttpzlbszff	28138	
81630	6521	81630	dycuntxtgxhafrsw	2241	
73411	83895	73411	eweviapjmayxixhk	96915	
92804	91017	92804	icfzsffgquceibug	85257	
94949	21437	94949	dgmbzxbialbwmbcf	42159	
83385	21187	83385	dflodjimymooiksl	1003	
6991	35993	6991	xcpxjjbvlyqhrcrc	58695	
419	72702	419	yybhkhtbvqetwfxd	53901	
36854	43570	36854	iqfltpyekecbrmev	78922	
58739	88234	58739	dojtmbxhjxwzbizq	16012	
4496	43971	4496	njqjjvdfdpwdwlde	57192	
61135	63324	61135	mibhmmrrmqcvrvxc	42305	
95070	34567	95070	aiiplwmqdziyrkgq	95402	
64617	88387	64617	eenjhrupxvzeixea	3895	
68501	58552	68501	kqxerrwbzsgwrumw	56348	
63321	20577	63321	hqlbsobsngrhrgse	87383	
64288	26537	64288	faycrhbrcasonvmb	58084	
23566	4253	23566	foizmtglwmgomtup	43857	
77236	25119	77236	fnukmgwizxxhnhoc	54989	
24009	32489	24009	wvqeozwbwtslhctf	58679	
79837	15328	79837	jafjhdssfoztgprz	96997	
45036	73726	45036	oxxtiozwrmgcaggf	69748	
16255	47374	16255	quaxteiykmdvvofa	96335	
62887	12857	62887	sbbxwwotvzycxkuu	36470	
78704	17969	78704	xzwkxawjidaqrmtp	42665	
96442	6733	96442	fttxgslakaemcljr	6370	
24717	43751	24717	zvcyjmeqnwuedkir	98638	
19694	59039	19694	njqulkklezsxwtbj	4447	
21412	64694	21412	spwivtiuwigtaozh	59432	
75328	69948	75328	lrjyullpdxkofsld	22905	
84121	22532	84121	zcpbmwzqkvhptjua	36970	
32594	85992	32594	ahwxbriyfeaosxrf	94557	
17832	70927	17832	ylkfixtpogmwfopj	72108	
62798	81570	62798	ndnwprlqbnhfpbkf	14470	
1510	71476	1510	utwdrqzcylqqqzej	52086	
9613	3148	9613	ucsnzidnsgatrtrs	9235	
60499	63626	60499	mggfbmgkptkvelyt	68698	
92301	7561	92301	bcdosebclndcyykq	79370	
87355	33906	87355	bwhadvmagvxwnvmd	99642	
58568	12218	58568	mebnlgthglppgjqx	62351	
31402	74409	31402	dsobbyphggrybszu	86664	
33095	83558	33095	yqkktdabnskwkxff	38677	
46175	71101	46175	hfcvslclkyofyoms	16830	
71540	36501	71540	yaxbewnjacsvfqjm	83055	
61644	82588	61644	ktgjeihefmtrhphg	83267	
13177	62856	13177	lwfykyvmmsnnbrss	21861	
644	63796	644	qwgkemycezgyhvio	6925	
85260	68912	85260	hciksxmadzwwsbow	1549	
58735	43599	58735	niiazvfnlfenqkzw	42288	
47824	22283	47824	lqguxjdukxuggvdz	50118	
97563	43017	97563	skwbxgynglrywrnf	62699	
92817	20978	92817	fwkjvmjbqaoafdda	68947	
56502	79403	56502	swpjcbiwtjlnjlie	58355	
73259	78978	73259	spsfxoziwhjznftx	89511	
31916	99476	31916	chikjryepwijaxzy	27916	
21626	67853	21626	yscznezrygbesmrq	51312	
43631	59362	43631	jeipfbsrhehkgrhc	17399	
52146	28569	52146	ticpmvqvgzzasaue	33971	
77593	51920	77593	ytpalxapgqghihsi	42869	
483	19870	483	utvzratfbptitrrm	11193	
90925	61660	90925	cjrawjymgsauhehj	83856	
81230	55091	81230	iwoxnyneavvqybwh	11209	
55447	47488	55447	quxnbmtatckgsvog	13454	
65307	89314	65307	gkluekkgytawyhwq	62373	
13664	44378	13664	owhtbtpfrezirmij	49749	
42289	84370	42289	tlapvnxegbiozbvz	45863	
34097	3201	34097	qwfolodrxrxhjghv	51821	
57653	32418	57653	nfdscbveramobrhd	45667	
17914	50843	17914	tfylexnlwelgqynk	16898	
26530	60241	26530	ufqdcptasqqtzgvz	389	
45519	99539	45519	yqqeycvyxrhdmvad	71109	
86778	13519	86778	qwpdttffhclzttje	14711	
56341	12795	56341	bomryngmykpywiks	22772	
36075	58239	36075	gfgzvdsupsfegwzp	33314	
59257	602	59257	bfohryprtsaeuwgu	12677	
10329	64603	10329	yhliwoeemseqpiuj	29674	
24663	40796	24663	cvruayqyiodvtuop	21161	
85389	54064	85389	elwtdrcuqdrydtyl	44611	
43449	1034	43449	mraqzznfxmkxagco	3430	
51554	8569	51554	ovgzsltimguahyyz	70355	
72848	41400	72848	wmezurcxydoxpmmn	86731	
25539	18525	25539	rtzzelvmnlqshcsz	93932	
33484	87013	33484	yqeimfzhojllntiw	17939	
93652	77897	93652	cyvkkbpzueycatax	81866	
3926	83982	3926	grwpnrfciqjokzfi	38185	
97944	19972	97944	fmgptqgbqzvazamz	66192	
95692	12734	95692	csjtemwktthepkrx	34461	
30413	75614	30413	rzfqjrjfhimdxlrl	115	
67412	47038	67412	detyzwoekxltrupo	19611	
17500	12802	17500	nwzygtlrvbyqgzpz	89690	
13741	37739	13741	ylzdbiihqyojzzuj	41616	
91236	88823	91236	tcoeinsjzlzjalta	99356	
30102	1737	30102	bqbrkfvsfqoycobr	84351	
53171	33310	53171	zgxfngtuprlckuau	60610	
54559	19682	54559	gizpchbvbicbdfyw	94416	
81226	89793	81226	ydlnchrsbxxxjizs	66773	
19075	70999	19075	awdvcqxznhubitnh	51522	
32892	46893	32892	ykpssknlvohmnjsm	69993	
80036	21131	80036	eazsnsccyqgfwsck	2533	
84678	68340	84678	pqdoyesgoveulhzy	45059	
6576	57765	6576	qjljdedfrbmmeiop	8610	
48173	66249	48173	nefnuthwxxzdszyr	13893	
91708	10817	91708	rwhpdbrnmxqpioxf	58359	
76223	26038	76223	yfwtfnddnfteowpj	20662	
22205	55913	22205	yuaugyvymdllwwoa	29121	
8078	12759	8078	bfrgneuffqcwyhky	64521	
4479	93241	4479	aolgcgzzcndafjsy	1057	
50864	36543	50864	zhvjtwkvixebzrvr	31937	
1116	52504	1116	rnznpheteyoaepcc	96370	
68508	745	68508	jxzazmfwlgwaxmzs	30921	
70408	69822	70408	ybhandvqfauvqxkd	8072	
41727	59298	41727	bbyqtywbrbayafun	81966	
76818	57624	76818	zocbpwyqecqfjtfv	77730	
80769	4872	80769	pdfsuvczoqfwhofr	31220	
79865	48765	79865	vkscilwlqivwyjdr	63813	
62070	60318	62070	pskuctwxwepvpyxt	54949	
18466	57277	18466	ibqimpfqfymqwwaj	48829	
98398	65042	98398	lsqpmvnobmmsvueh	39534	
55302	12727	55302	hpzdygzeyosnqyhu	57502	
95250	56024	95250	scwzmlloozngytkh	67351	
91908	23835	91908	fdasuxgnwsntbnfm	36561	
2687	78878	2687	xvxaschozhxybeqe	64439	
64578	55452	64578	izwpuxtkngubdohp	36586	
29084	47175	29084	ddqwicncncevdkyq	58254	
64363	62595	64363	hnqraduagbdefpje	29076	
21161	47804	21161	cmdcoedjhchvbzwu	848	
22553	87150	22553	widllrbhgzjoxeev	87976	
4150	60668	4150	edutxaybwismzpuk	12031	
56490	44091	56490	zbbstdbsgyjvzkot	34451	
48899	88841	48899	aquxlwwpqtneaawb	58889	
41327	16524	41327	hrkqbpijzsutlxpc	53262	
7488	37897	7488	itcwrdwmyqhvuidn	94380	
53103	85651	53103	jrfrojaxlsaodfto	26625	
46509	43539	46509	emnbbygjmwatyhzg	54299	
6839	15198	6839	ftqeekmuosrqxlql	5352	
32529	95447	32529	bnweibcrzbnslfwc	95914	
53792	95432	53792	kqtslmlqppzlqwsy	18773	
44393	82820	44393	rztoioannpzvjjgx	12582	
56457	72143	56457	qiaxlnxyxnqvtemh	30093	
14222	94826	14222	ckcuendhxxobvwaq	4258	
41760	91729	41760	dkrgpvnkrjhnxent	21618	
37244	16826	37244	rawywjpvwmwxsmyh	25071	
72006	4825	72006	qixkdxmubnqxlspv	42256	
92315	23360	92315	dbaqyvblnauumywr	37228	
36750	91546	36750	jtqluumedmbjpijj	5713	
64438	83122	64438	vabxyfodzkyxkzyr	23825	
78035	1763	78035	gikckjmbdbjmawuf	72990	
28187	98734	28187	zseqatnpthqqofqm	36481	
4189	37911	4189	zigugdcdgjfarmse	23446	
2297	43102	2297	itzdxapulbytslka	62834	
5934	96003	5934	uuvizjxcjycxibja	95965	
1956	71473	1956	wunwyofblsbvwzln	92430	
85850	44011	85850	bmxmmtcrtqmpbdvq	5177	
71943	95904	71943	gwpnxffmaearlkjg	16470	
41375	33602	41375	rtmjnemosruqcivw	40326	
7659	33755	7659	dvydtsncnmtxvzow	21655	
52731	54823	52731	nhhamvojgefiepin	25143	
71090	50415	71090	sivscqcyzpyttjgw	51606	
77382	45930	77382	mcalmvatshkhowwo	71947	
72531	34089	72531	arxglloovzmaihde	81518	
99113	3204	99113	rbudnziieecphpoh	40950	
48690	35586	48690	togmxsdnqnwdvxwp	71044	
88809	73961	88809	yobggyngasszvofh	57104	
5576	37341	5576	qvrujkahcpiqijaq	35406	
41190	19676	41190	kkyomdfiqyftzdug	70213	
36736	46920	36736	wjaeguhduekeczgc	37511	
72523	85367	72523	mzzkxihifycclcvo	71689	
19847	6077	19847	fdlknnllbeyooydl	86707	
54823	97939	54823	dmqjyqfzyoknicsz	65742	
79966	61620	79966	yekxvswsksbscroc	52101	
67984	28637	67984	bykrnorkyowrkvzz	81531	
34070	97453	34070	etvrukzflycprqwy	42792	
97772	36370	97772	riwwdqtavmxuxxlo	53074	
31647	94796	31647	gervjjxlnresmsdu	12638	
31668	87142	31668	pdcvkdzrsgtlcbpd	24040	
16520	48182	16520	jpwfoscreulwslxi	17744	
55309	44189	55309	ysjgaqlgzosushbw	81386	
40487	76738	40487	tafvoljmfxjrkklw	92630	
60953	41359	60953	xtqydzgmtbbepuem	22355	
38555	90911	38555	ipnqhrorqwxefmyq	61749	
41444	2238	41444	ataizadzhlrldzcb	95870	
48303	34537	48303	ezjnnymykztcwkyg	33306	
57101	94221	57101	uzqprnjsfpbvllkp	1044	
52577	73680	52577	nabdquiwgqekvmaj	70620	
49694	6472	49694	wrhpiueuvoguevaq	64738	
45974	22022	45974	vyoltkaiboarwgss	14551	
80422	99886	80422	pgmteicjncvjqllo	54402	
39855	54823	39855	onruprruvcfsmxkh	70413	
186	36956	186	qkzofhnclnhsobqf	7832	
68701	2839	68701	dwpzqmlbkfyxfeux	10119	
25111	24974	25111	bczgckdfmzhhkqgg	64461	
44406	48863	44406	zfmptzacffdxdxlm	85153	
76432	61932	76432	sjmpdwhpyvprhtlx	34468	
89772	10755	89772	lswtqskvxgjjemjv	1005	
33489	98210	33489	lboglmfciagbwspr	43363	
47786	29928	47786	qihmwzeeygqolddd	85210	
70599	80289	70599	wpinydlbtkuftqih	49748	
40176	94839	40176	mstmxrcqqficbcan	49502	
84628	51394	84628	mtrcjjpgbjwiugbn	76276	
18	4442	18	nordqspfenydvash	79149	
99837	16159	99837	uuwyrablzbbalvqb	36642	
14340	54146	14340	nsurqunfnihuqazm	61835	
76996	98780	76996	jllnsbpmdvzslwlr	69144	
59440	13231	59440	aguviximcwzevvtp	49836	
8229	53611	8229	uknrccbdxcbbywek	19631	
63123	65576	63123	ortuuvbfumpnzuwe	28262	
49449	66231	49449	qhuxtquanzvlkbiq	70838	
48111	27545	48111	ycioghgmvfngyygb	26573	
50634	59576	50634	lwnklfeiwhpskwwq	32777	
79017	36555	79017	qlzcnalhyxaikgcf	93818	
51556	19868	51556	efzrvrstpcyhygwj	63891	
75551	35881	75551	qntohkuojylzlcvk	60603	
17738	74563	17738	atyeemqofcinujww	45176	
63658	41355	63658	bscjnneadxiyvuot	14761	
93969	98952	93969	tuilqwdezzpmpqqb	91671	
94542	61674	94542	pynnwtlsamhgkaux	60253	
59828	17786	59828	mvgvgefuiscdyheu	70255	
79748	23248	79748	fiembjaxsdtwqmrg	25434	
82538	98399	82538	wvwbgjsajpjgwgoy	20533	
34884	33322	34884	pmkootertmdsjlbl	85703	
58517	73662	58517	feazhxlhiulvbuhx	24528	
58781	56867	58781	fjgavfexrtgiajlv	14936	
43130	9251	43130	ntzfzrriatxvoosl	59230	
21800	56034	21800	rbduapkmpfxnqjfz	48506	
56428	89526	56428	shhdteqyailmxxwh	17802	
20476	15016	20476	oqilriajzyuzcnug	27749	
98873	37200	98873	akmqahvtvpzwmqyb	99546	
23638	59188	23638	tlxkhbbzdckvnqhh	26353	
75965	39635	75965	oypvdkogaxnfepks	21555	
9016	26129	9016	qfhzcqtazuwygyou	93515	
50404	30872	50404	ihpogqzkgopqrnkw	85458	
13753	28323	13753	xjvwvjhmegbbzkar	17838	
89933	34365	89933	uwgobupiwqutmqzp	30018	
37878	3759	37878	qocfexsscyduuylp	92042	
60338	58685	60338	grxzvxjtplgfjept	73657	
60470	46995	60470	jzmfkrotcnltmmjr	22657	
29313	40242	29313	iqfxmxjlialhhynk	80572	
29939	10848	29939	pbdgdaxjcwlujnul	49177	
33639	44438	33639	rrwurnqtlhppovuj	50438	
19149	17875	19149	gogwxvszsbakelnj	94792	
331	19741	331	iwlctikajaqtcppv	52077	
75481	64305	75481	inwssbqakwdnwzcn	83428	
5232	57774	5232	piqsueawnwxdxuie	33197	
55113	83463	55113	ydngyuyekoqhnpnt	82116	
13683	70374	13683	hlqhazqcufmvrcin	64642	
95056	33385	95056	wacucnlvcujhcifh	79818	
30394	73964	30394	kyxedpfckahushaw	11084	
55384	85040	55384	lagbfevdchldkvbp	34900	
78838	18234	78838	wtxpowrjyjtaehju	32444	
33127	68965	33127	ziacjiroqihxgnhy	76660	
74874	78140	74874	bpjmsqxyqzdtaogx	2817	
81789	35060	81789	imumhltrlurhcoqc	59184	
69072	97918	69072	zzbtopqlzjijfjgv	71534	
17023	74421	17023	yqxanicroypmkesj	5103	
76586	10810	76586	unakyoxljcefvtiv	40200	
70447	10884	70447	ovevzdsfezfiacjb	83865	
78748	51863	78748	vowdzpglrufxdhqk	56534	
93973	89367	93973	dpdihsjovurslrcc	4613	
52130	35126	52130	mubvohoagkjkeawo	46590	
37516	92588	37516	yanqetjotehkjxzz	9626	
71276	61317	71276	btafomtitthabwod	13395	
37043	23828	37043	hnnvpwbijrhchzdk	33401	
50940	1100	50940	uaqbtqewhgwcpxtj	54663	
16485	88538	16485	rzksksbqioiochqx	33528	
31933	37985	31933	doozrypbtoozqfnc	27148	
25989	69991	25989	oulgmwbvovhxesml	64547	
81769	56239	81769	exwufkewlikebmxs	47488	
21699	59933	21699	hscgyfbvgwfdrtjq	49289	
97825	28356	97825	faavukruwoycikdg	11219	
87200	45334	87200	eyqvaeemokveamah	70093	
6413	14194	6413	nmwnelpkzrnewfpd	89621	
16157	8800	16157	ekltdfnypdtexspn	70251	
90199	52875	90199	oyolvofeevnfiqgx	27048	
64026	50137	64026	yhbujfxufgbwupfd	70821	
10532	20176	10532	mmxszjssaovlzqzs	10858	
25651	35300	25651	dhnmyezfvlshbxtu	60024	
85743	35464	85743	kpdngktnkrgdqqvz	39376	
13224	17655	13224	xkypbiqloyabnhps	86682	
51199	32756	51199	ytcqpchihdafdjwl	41963	
30814	15318	30814	tickiwfqxdqotauw	50814	
62074	35346	62074	cpovbmfxnuvyfiua	346	
82337	73850	82337	mgdegwvllijcpacw	70697	
14044	92245	14044	kihzxiuivryxubvv	40964	
53300	44756	53300	usqifzdsxfxrwwxo	32353	
64067	35536	64067	hpskkzhbtjnmbdha	62988	
37647	55234	37647	iofirxvikxfdmobj	64165	
18131	53951	18131	xkuwxtqempgexvgz	12415	
15211	9546	15211	petoiaknjofxvvkp	60406	
67062	94427	67062	yxllumkepcrrqljm	29605	
87310	92632	87310	llmbjlgvxinnaosu	39084	
36049	30822	36049	zaruhrnlktqjmqjd	94517	
92203	28613	92203	gdedethuolanyhiu	46115	
89095	20397	89095	vvwyrheomtlyahlr	91608	
19272	82359	19272	vdvubiusgibapjky	26800	
90913	28803	90913	zmgibihhmkbcretq	22359	
90138	28767	90138	matjnsgmxerocqyq	64501	
17937	26699	17937	lkkncdsrkdkrcyke	38721	
61347	5534	61347	almuepqdcytfyetr	87866	
44918	46661	44918	ahngqarsqefnhsxb	75051	
52878	89780	52878	tnpbghrcrxrxatcc	18476	
93570	6040	93570	ctnuzmutfrdlbird	8150	
8515	31534	8515	seqtylncvymalhhs	7602	
34900	63801	34900	slglmkuqqksiasmt	86512	
70060	57779	70060	kwhhzeejdqunsiui	18858	
30006	65811	30006	bpfawbeeahpvszuw	26686	
14270	81509	14270	loixtnhgbrhigtyk	41263	
23211	46773	23211	wvagvpvuqoazbcfm	96833	
81273	60596	81273	iwyaguvuwedxgcdk	66779	
72164	85880	72164	qybwxyjwoxbwkfqj	94409	
2830	28808	2830	vehvohvnwedylneu	90196	
78335	13119	78335	rbgloivzbsxxqzbs	84720	
7207	85026	7207	hldcsiueqapcrvrq	76788	
29829	16171	29829	mhshishqmpqrlutb	70538	
44492	84616	44492	dryprvmicaywtmpb	82817	
98597	88227	98597	ikdtxhevujlntcwq	16487	
79168	99397	79168	rchcpoprxnrtbntu	72606	
65707	28179	65707	bdatyqvybicjcmbh	57148	
21002	9531	21002	fpvhqxtxtogjbctd	76074	
63978	64893	63978	jxlkbwvrzoaagzqn	20654	
2546	46342	2546	aagolvvavwkhqpxn	89899	
10649	334	10649	vytxsrmweefjsxdt	61385	
88502	82660	88502	uwefwdtdfepkdrgz	62259	
95222	3154	95222	pyefvumalaohtxbg	89216	
61209	39991	61209	ntcfzjlwfoaclsci	15507	
66936	20975	66936	omjwforwwhkvipoh	99358	
35342	92820	35342	npoesqzaakvzjhtk	31044	
80163	14572	80163	ezfpmftmfxyrzkmt	28700	
73877	64742	73877	msgaudmzrrptorif	25947	
55797	71401	55797	rewfoeplnppwrayf	89160	
70295	74649	70295	qjfstchlkucturur	21727	
1677	14513	1677	zndhqghovqhgpiui	39564	
43673	74175	43673	owpibedfolfhssdb	15149	
71452	31927	71452	hdwfdrydyeuoecct	66853	
43468	64401	43468	jdfgkwealsqrfzku	67198	
76380	23178	76380	qgaxxrxhbfgluxze	61993	
5700	73060	5700	egxztagofhsvlxil	87051	
38072	31172	38072	wegskwndpzfvdvop	4456	
47227	94169	47227	kpdtnpgyttmcgxuo	80939	
370	78173	370	zajldslsuxnxkbqb	22702	
47429	48274	47429	krudmaiuaxmkgqjq	9195	
42160	12263	42160	uosolbwazovukjbe	38247	
6459	16558	6459	ricmqhptfzbtkjrf	62809	
91677	68474	91677	dutplfzqiamkitvu	63337	
58047	75885	58047	ryjwueutvcenhlwj	70278	
82598	52423	82598	rtpxmxwvcrnglyod	61869	
44713	57730	44713	znqggtlicworkjfy	90108	
59502	49514	59502	clsywkukefbfhnlz	32118	
81472	5682	81472	bkhushxcevegmtza	85799	
88592	33192	88592	rcjlrdvryayalrpl	52698	
15519	32817	15519	omfxvpkekrodiyte	69437	
71013	95365	71013	ijbpwbbukslfbveb	34225	
74760	85928	74760	ebjhssvydzbyvpyn	65331	
74790	87802	74790	dgwsxtxkohtlioif	76362	
50524	77799	50524	wzxncpgevofmokya	87405	
23508	74879	23508	grgbcjnczfmbuxme	54678	
8836	99135	8836	xuimmitzvwapazky	78722	
81634	32792	81634	fplpsmrfdwycgcgz	19094	
31278	14886	31278	pnxlheaegxxgltga	43408	
24250	26095	24250	ilmjdpbwiyoeuoeg	27398	
60183	7568	60183	pqkamhhifsxjkrxn	46893	
13654	47253	13654	daubzdchtwsnxtoq	29782	
78742	28592	78742	rqwricquidkvmajy	85109	
30021	4552	30021	diunwhnbwflavgmg	30210	
5797	60922	5797	edluinmkwsbppxay	96188	
17209	90148	17209	yfnhrrbyqpejqgnx	82203	
25218	33550	25218	solbcftsazmyszcl	75961	
35568	56720	35568	yywthvgccdnpenhz	52137	
82616	75	82616	tfzbdaldkubpcrpw	15914	
80804	37070	80804	mflqgtgblnyotsof	96381	
37505	61652	37505	zapaoqvziaujysze	25220	
74086	71647	74086	wnxeqpuarahfkknt	79676	
44749	21748	44749	dfwnqlytutvgotwf	6488	
23968	74090	23968	syudkypdftxdrqsn	90448	
95650	75396	95650	lypffpkeisqxjklh	34916	
99366	26330	99366	yrevjxqeljrwljbw	66901	
48081	86839	48081	ogcpnlfyquwhtiia	3305	
34548	91407	34548	cudfqxitrnsmvqee	62266	
69710	25605	69710	rytoqrbcyfyqhkid	53733	
58075	20131	58075	pzragtqhlzeupzrk	46634	
76308	12874	76308	vrrmmxnngenrmnqp	1039	
43428	35323	43428	fgmqadwxbudmgdpc	38973	
68951	68296	68951	dtwfbclkvuijbvua	87975	
63608	31895	63608	hhkpvkjizuwkajqc	88307	
77019	34972	77019	jbjzxpkwfwledwux	11035	
53432	62998	53432	qtupytjxfztcgzql	90723	
36705	46091	36705	hbjcretbycnqltqj	46162	
90274	84961	90274	ykykccjgigehymsv	76229	
60431	68605	60431	qqidtirsjnlzwdbk	98106	
96137	55531	96137	abljlowkmfhxegfn	44814	
91047	17274	91047	mvviwafxxtmaxwcz	74085	
93380	27029	93380	yqclzsgpqrqphnlq	58152	
30248	90054	30248	phtmumaeiowxwduo	58849	
74603	63585	74603	qrmjaoyauidrnjso	66982	
91715	26866	91715	npnhwtzajtmkokbw	1618	
10246	87987	10246	yhccmbwkxylaqmet	29596	
9896	6979	9896	pykdimfvukpkezeb	71617	
41015	60454	41015	jxlgfjnbezxgabsz	95111	
94824	76724	94824	cnwonexhpgdyltsi	49027	
50488	65377	50488	loibpszeuxsbhwnb	74093	
84737	31230	84737	saxpuesznxsjrmlc	2353	
87160	29124	87160	fylbpbqpquzzhuey	25272	
78952	44755	78952	dhwddkahcbmziozr	87658	
27682	61165	27682	hnpopjfjanekxvqn	37261	
33261	54205	33261	ubvdigaoxxfidtno	74767	
6712	27468	6712	efpanbndkqwqgosv	86427	
94035	20016	94035	thafayaowouotcxj	26344	
29676	78375	29676	mrrrzcukzpefxyym	4204	
3183	99740	3183	tpojwkbxpifibquf	3452	
98427	53499	98427	ijxovmvxjgrhzsku	86567	
59946	89473	59946	rlxymtjoxmpbpvqa	19180	
30329	70030	30329	mpzelmbebgafsisj	76391	
70013	39727	70013	lzabvocfnaiqanor	54686	
81513	37895	81513	veuvoetecjdxupic	99049	
46324	60891	46324	hbqmglqosdbsptua	7005	
67654	39046	67654	odvnliitghxzuuoo	1117	
19612	29410	19612	syfgbyiwjanocdwe	64140	
62385	81161	62385	xpptcageehlbfwsu	49889	
3783	73570	3783	ntpcagrzvpavzftw	5642	
78802	95817	78802	xqwaduroqjhgwebj	74787	
11290	92378	11290	jpfthfgoyezdjgpg	7143	
54764	4707	54764	sktrujfcogqpvrhk	4717	
63003	91540	63003	ajruiaanviysxita	17334	
56309	81666	56309	zauloqeteodwynec	20619	
68647	10348	68647	pzhrctacdpjjphok	28695	
85365	55380	85365	ncqncbyqlwrovbdt	70646	
93702	49766	93702	bsrupvyxwwilqgzu	59566	
65836	50148	65836	igpdeczlraysvjed	57569	
48523	40908	48523	nedhlhjelugxhxgq	35355	
9772	73453	9772	gzwubhphazvycdav	24955	
56066	19793	56066	kimznksbclddfadt	98959	
62450	9930	62450	qlirzhfkwdudprsn	68363	
63773	30027	63773	yalddvrrdvijploo	31936	
97984	49857	97984	winmplcuptfubwmn	17141	
8800	63869	8800	izwmsspoaglirnfy	1714	
20280	47474	20280	bbizhvnzzjibkgyn	45470	
82979	83824	82979	iqedgvkgvjsdojej	63491	
70943	75621	70943	tlgxyfcczyxaaxrk	60581	
60554	36720	60554	nipmdedtqexbrnhq	53846	
54976	13901	54976	qzaoiqxkvnrvdgwp	17574	
73583	26495	73583	uwszdwrmifgjnook	84739	
48473	82758	48473	icbazvunjnbwklgx	7045	
74779	73197	74779	kwlielagsolwumnv	38052	
40476	57627	40476	ypcemhlxqbvonjxu	46150	
21441	21796	21441	zojntgsaqpsfnsip	27308	
14149	9499	14149	fnxaeruupjyvmrsb	18020	
45355	81844	45355	cgyncraetweudfvm	44057	
44583	40805	44583	opqlqxdaghnlfsnx	69938	
76468	78181	76468	wenydliazxbhydfk	91703	
5271	78650	5271	oefaxepjrpmtxwva	84231	
30118	24914	30118	anpjewfokakayfbz	8001	
96666	84521	96666	mqowrphsbrpappzn	79507	
31881	19792	31881	cxkexubjhpqzawbo	97065	
28759	19086	28759	wzqfaxlpgyldqirg	61638	
20121	89409	20121	rbzhyiwyibuuynwt	28721	
71466	43290	71466	wodcvkrrgpewsplv	24345	
81113	56820	81113	uxttbnkqmriimpvj	83396	
21075	89425	21075	oajgiufmevewcosm	53684	
61384	62828	61384	uqntfuonhsxnoocq	53654	
38596	49798	38596	wretapynryjchfep	70259	
11766	80115	11766	lolmpoiuenryvjtk	17965	
67519	95939	67519	fnvinltsajmqwssc	57287	
49277	86060	49277	thhjkslgmwbazgzq	47578	
5634	93638	5634	wpdzxojdzoqivqxc	86675	
28342	37319	28342	sdzlrrkgioyxsrys	81627	
75644	49904	75644	sdizczlsbnpaoohp	14972	
68334	99769	68334	pdyhtxsjdrslvxzp	71514	
65575	56046	65575	ialhcthqjmbebnta	26556	
3357	40768	3357	rnagfsksbsaichyk	54688	
84276	85458	84276	ynztlmsytlkwbwou	93456	
42772	75779	42772	nwgpffupxzhmwbpd	61441	
46737	65898	46737	sabbdcibffgrfkem	11791	
79980	45109	79980	bhxdjipuwhiwrzcc	19164	
90189	47984	90189	osxzfxtpulhnfmgk	3944	
86891	71186	86891	ftebhoalijyliyib	86942	
4892	56776	4892	crpcqwbgqoauniuo	99163	
29745	88629	29745	nahoqsnajtbhpyrn	80503	
59806	29131	59806	jummlsiwjavabgmv	85097	
95670	47744	95670	rvifykutcpedlqoz	69635	
12697	45690	12697	lgntqggyvlvpwthi	7173	
37552	49812	37552	bqboveiytwjlfbhh	57972	
2591	5441	2591	xoektntjeotyllze	59599	
37060	35662	37060	xmigpdewsecumvge	41403	
94240	56991	94240	cncdgkchhrdiegsg	9631	
99169	35497	99169	guyozbulhotslxsm	27747	
26342	66203	26342	okvkyyppyqpkaytx	45292	
80997	41682	80997	dwwodxaufnejiabf	80081	
36273	92916	36273	gtusitsthuauyiun	40062	
53649	86705	53649	llnnsobltbimkyze	32394	
12399	82577	12399	wgtjfiblghthqjet	11380	
26406	31736	26406	strfckjaudxrregg	80519	
62558	27444	62558	tgbyerzkovtwetqx	2887	
73995	48258	73995	fqzxwmxpfdtfwhcx	86328	
52887	71287	52887	yykiebhmeslxdlcq	7728	
1421	99800	1421	xihvseixzqnfwpxf	23659	
20529	14525	20529	gqgboyncxdwareca	27439	
67168	13497	67168	fapzrvzepilfvosi	16742	
73600	89128	73600	iovlblqqjudocaiy	79602	
6198	45007	6198	reavzrplbmmzlkew	3640	
24345	93548	24345	tveuhthfngaxtapb	86336	
44171	27826	44171	rwbvjtqspzzeqxca	61485	
34504	34511	34504	bzymrfjpdvfxaxld	75317	
70923	43699	70923	rkeypfxmasrzxkqj	9800	
89252	45386	89252	uihnrbnsrmvmuvqy	94166	
55385	2827	55385	vljtdocobautnzxw	67073	
4038	30530	4038	esbruqcokhukhchc	49236	
96316	46134	96316	phkvsujlblmnluzv	23845	
70282	99427	70282	kbadwtnvipltwthr	97717	
91280	2442	91280	ewejvutinnwnsvmj	59281	
79373	81291	79373	raxszqeqjkmjkcmm	22370	
25652	27795	25652	tcqenmjvojurhetz	20064	
29	45903	29	abqhfsejaqiwznsx	67491	
37434	73023	37434	wtgncmhpyxnptmcj	58944	
16100	67489	16100	cpdrczraphrbjhzs	55466	
37351	26625	37351	gblcwadyycixavht	22887	
50097	470	50097	yrtrfhllhhqehbnf	65576	
58142	40365	58142	vfzejxcqptbowsdt	85388	
66765	23932	66765	qcnxhzjrfbwovehl	36303	
65618	48546	65618	pbyuqypupnwnvwct	63722	
81393	9612	81393	tamduzfoydabqeid	4853	
45773	50719	45773	atsrqtvovukdwlaj	7074	
60356	49920	60356	uwylhbawuiwluxpu	80462	
4601	70565	4601	zmntbxtlmuokkcaj	24188	
16589	41829	16589	hbtsewcwevgwsuqo	42496	
23818	68024	23818	nodsekndizusavxg	37470	
74604	46878	74604	aexkjepqbbjriygg	14010	
5545	30226	5545	ztxhikfpepgfvsab	172	
95799	14138	95799	zvnefmktheedgsgy	37837	
25896	64496	25896	dunycxcwmpzjiaky	28014	
80723	11389	80723	yhuawppyccemsgvq	23190	
68956	25306	68956	ygsxshsbdumuligt	85412	
8047	23082	8047	exboqicxjfwfmzdn	91722	
89434	3710	89434	aacrhgdajrznkxlw	13439	
68571	16274	68571	qnjwflgmwvrufxti	63848	
2741	81790	2741	fixgfkdzgabxicur	73090	
41451	18898	41451	rsthndcomfvjdykl	98210	
34868	55588	34868	bfstyqpxzprkqdln	12631	
89948	30470	89948	cxcksnyahdlcqkts	10275	
5059	32820	5059	weowvkjwytfybiyh	35204	
75679	29453	75679	egxxuaaswgllukla	57229	
27431	60784	27431	cqlevpnqhbhcibak	54434	
26913	49993	26913	yuivydmtiluvqvli	81086	
89778	92687	89778	ojbxibgvmksaduar	92477	
9214	6901	9214	bagcrivevhicmbev	13313	
32399	2801	32399	nukdloyndscobhck	24019	
38184	32200	38184	ctxheiaakzxsdgiu	22466	
85387	82953	85387	kocrvuiqecurvmko	66844	
12219	45923	12219	zonkpmacvoqoxbaq	11310	
35460	63403	35460	aukmucdczfuxatiu	25673	
88723	37934	88723	jtymhyfmobkevwmd	89176	
43281	80581	43281	puofvonbjfzywayp	65364	
55356	12056	55356	milnhhrvzoywtvwo	7706	
8521	86891	8521	qsqfklkxkjedoptd	38845	
8898	53108	8898	cxeehdkvahbdflxj	12871	
32450	70746	32450	ueghbgnnmelsrmxs	56503	
80968	88609	80968	iwljlvxprgttmrfc	72549	
11646	41897	11646	hqcckzzuxlepcwxe	52921	
76866	86366	76866	tfwhzzoiyzwqisgc	72009	
62826	97505	62826	divytroobhjxxsfn	13875	
52353	14445	52353	hhkhuijwhyqkxkcy	18194	
28703	60972	28703	njnxgzuyxebfebdq	19734	
59954	39606	59954	hrknamxvzuxjlqlm	78839	
81610	85782	81610	liimxrmybgykzttm	97942	
30979	65407	30979	ntibwqowvczgbkth	74198	
97808	53685	97808	mhczkdenntnoofkw	82353	
88182	54854	88182	yutsuvaufiaytiyp	67200	
61449	12586	61449	fqfrjhetxuzhrhfc	29914	
30699	74089	30699	skvmuekquxdukjkh	80905	
74947	11871	74947	twsfhomeuijusmbz	59673	
23461	62374	23461	vsvwqcdgpkyyuvtb	25722	
90424	33843	90424	xaovfagnhugwjuyr	98731	
14381	35451	14381	fwalztrjtcenvntw	64903	
26532	72295	26532	ljgsuzdkblpjxyhj	51931	
98208	88191	98208	syfocuaqwfxvjrei	63812	
31019	73474	31019	qzucyuyzlmcisyxo	56735	
93199	49255	93199	lhbgjpvvkjarwvrq	96433	
36282	85393	36282	nzbnrnpojrcxvdni	84718	
19696	75816	19696	nnrizwnohjxhlxzc	22896	
36361	31923	36361	ldyidnwksgjvgqvg	75562	
43689	58543	43689	qwaiqpkwxsszfvix	57462	
52640	72750	52640	kzggyqqfddcmsjuk	28108	
68523	16588	68523	llwuixnjsecrdaao	92510	
20084	51376	20084	vdncymcjjabxenrg	41506	
66481	9984	66481	nudhckqafsrjisrl	69475	
74456	92515	74456	lamulvbvpzgourgc	13191	
70052	69444	70052	urbhndmwfsrfxnsn	2795	
25443	66410	25443	nzuqiezfqqamrbbk	82295	
40219	68785	40219	rqqsuskzqtlchyxc	40697	
15037	96130	15037	zqaebtmqsxhoidjr	51267	
36551	9037	36551	klunomjmuexprcbh	30685	
72894	50843	72894	wxfsnicywehbnqdk	32134	
27188	22336	27188	xicsonexyulkyvxo	30868	
10582	81998	10582	ssigflthetkqanpz	53536	
32822	61627	32822	lskiusvbjmmeusbe	86683	
34906	78940	34906	bfxfziyugkljsjdg	45675	
47090	49518	47090	oycpyzxciqxpsnvh	64051	
51281	97990	51281	jvyguysxdzwimgdc	41737	
37535	94004	37535	hcqtximxjqvufzec	38125	
21621	45644	21621	xfheyfsuysjmygeo	50526	
72576	34052	72576	rwqoegbenbrbaggd	53028	
3388	90276	3388	jezusrogjjqowjcb	48181	
5385	8425	5385	wlevgpdcirmwcakf	31121	
53866	84471	53866	adtyrddiampbknhv	1966	
58474	80480	58474	kdiijmgkukontbpb	7930	
74485	99463	74485	ghhzjgitcekrafhp	98809	
11356	19629	11356	dglhgfhiwyypvvmj	64502	
97404	50566	97404	rcfierwgheafoqeu	44056	
87755	77213	87755	vrsrlqbncqkizyft	86699	
99743	9025	99743	ulxxftmlcrbwvsvp	48729	
51245	68043	51245	lywuatlzqnnknshf	79975	
32756	33750	32756	jehijdaczjqsbooo	66275	
8776	77740	8776	wzvqvngtiackyskx	99000	
65940	66776	65940	kdpkjthjrxltryqn	79222	
80534	60622	80534	lwjsjwlrrewgxnvb	32707	
7236	20813	7236	rfwjbuynhzafvynf	84033	
77725	83056	77725	agxssfcvlwuwuejr	77241	
11788	57807	11788	jkpkbtoqlxcfvfpv	262	
93269	1968	93269	vbyukiiclxjboahq	25494	
22622	70961	22622	dhljvggjjpktuzfw	92418	
67284	17668	67284	ypcaphmzdamvjxab	25546	
25637	75199	25637	zbzyykqxosqvdpoz	97054	
29644	4763	29644	vzseijahucyuykup	16831	
84923	9585	84923	fhakifgubmfvhwyx	73325	
91031	57425	91031	hqikethirxcrflgz	14857	
10112	87518	10112	lueofklnmrpeccze	51786	
84851	9349	84851	ahjyqwjeaugbrlza	75770	
4766	82630	4766	prwrajamccmgikfp	49738	
42406	9507	42406	bipdalwjsmtgulhx	19899	
44924	58497	44924	ieltvwkwyjvlyydv	82627	
10218	94737	10218	kbmybylqgkseomdd	62469	
39132	35736	39132	azhvsmebwewpbbdi	97979	
31519	20300	31519	kmtbtygdxupwxaaq	16337	
54983	81504	54983	euybjywdqnjjjqly	99333	
49696	96371	49696	dnocugzrelpraecp	42277	
72663	73158	72663	rscrsvaftcvgztao	5471	
36187	21492	36187	rwrkwrfhncdvqngj	45427	
54891	65147	54891	orswggtnvnjlgvko	82698	
16911	40799	16911	ilzqndaxmwzgczgo	1089	
32409	56244	32409	skebcpvkgrzwtjji	96332	
53325	32229	53325	csjuaspclodzaprp	20635	
33230	7275	33230	npazaghylumqfxzo	80753	
46824	62044	46824	chrueaviuamnvfvq	57335	
32671	96890	32671	nqdxruusohphajmh	25114	
59637	42794	59637	semeeziumspmdlkd	36298	
96803	15063	96803	bjwhkmmzhpncdpow	6172	
42598	37109	42598	zbemjdrwsdrxxjyn	35817	
77294	44074	77294	qwxizzvjrnbfwgry	21378	
54076	78663	54076	horonhykrmfqqwlm	44506	
11451	15263	11451	fzrusyvxkkvygmge	12243	
94105	58314	94105	igbkmynrlqkaggog	58601	
339	53332	339	xqiqotunqhkhvsym	7221	
47578	40050	47578	audzgmjfzbbqfwmz	16772	
81574	70157	81574	ktkhoojkugplkxzp	26383	
56675	67550	56675	olrlbhgladzauhqn	44368	
63308	56524	63308	xugitfzplzuwgiah	15961	
13964	65217	13964	cihzdbpfcnxsmhfj	13420	
11429	30600	11429	qibtofavsdrqnjmd	9520	
305	69757	305	zbewyfwluyjxytxg	87740	
98096	76197	98096	rtpvxewqrbydsaeb	48000	
67451	83541	67451	jkdezynqaznbtqkv	39034	
98211	95104	98211	imhfpurxemttxoqr	71769	
59664	12766	59664	dxpaaxbhfddksezc	40035	
36502	45796	36502	jzysraearzgsbnql	4624	
97571	1828	97571	vztddfuonpavsmlx	77118	
6400	14151	6400	cgikuvrifoficarw	53443	
96848	98328	96848	qamvlpiabyiklati	15715	
51927	9233	51927	jwusxavttqwvxmvn	62266	
9062	27692	9062	qxdtgzynwedenawn	34106	
81049	54607	81049	hptlakxqohjyjaro	43966	
97714	4852	97714	xrjxwelucmocfcad	47061	
60236	75364	60236	tqhneajrzoxmilwm	17360	
53754	25119	53754	pssqnxagtstqmpnz	51921	
29628	85581	29628	tgrlwqtijiyvmevo	72884	
83199	83127	83199	iyvooxexttmarctl	92218	
10365	87014	10365	syswudxeqewkspoo	127	
2092	52574	2092	oodvdhtbibigloje	12289	
22611	57937	22611	fcucnnxqdqmevqvq	66498	
8624	41271	8624	hrlvutcvalomynki	51793	
