EMPLOYEES.eid  EMPLOYEES.ename  EMPLOYEES.salary  CERTIFIED.eid  CERTIFIED.aid  
13753	xjvwvjhmegbbzkar	17838	13753	28323	
10112	lueofklnmrpeccze	51786	10112	87518	
2830	vehvohvnwedylneu	90196	2830	28808	
61347	almuepqdcytfyetr	87866	61347	5534	
57576	fcieqxjbaqqwtkgo	37486	57576	46496	
81113	uxttbnkqmriimpvj	83396	81113	56820	
67069	ccvdacuhuwlxsuys	84494	67069	9553	
80723	yhuawppyccemsgvq	23190	80723	11389	
87355	bwhadvmagvxwnvmd	99642	87355	33906	
70060	kwhhzeejdqunsiui	18858	70060	57779	
76432	sjmpdwhpyvprhtlx	34468	76432	61932	
96848	qamvlpiabyiklati	15715	96848	98328	
72531	arxglloovzmaihde	81518	72531	34089	
92947	paqepsesccocoscc	45751	92947	87764	
54976	qzaoiqxkvnrvdgwp	17574	54976	13901	
92817	fwkjvmjbqaoafdda	68947	92817	20978	
47824	lqguxjdukxuggvdz	50118	47824	22283	
16485	rzksksbqioiochqx	33528	16485	88538	
81634	fplpsmrfdwycgcgz	19094	81634	32792	
2181	goghsfbizetbvwjx	97392	2181	93651	
38072	wegskwndpzfvdvop	4456	38072	31172	
20387	laceqbnnupnwvuqg	24712	20387	71851	
37552	bqboveiytwjlfbhh	57972	37552	49812	
68501	kqxerrwbzsgwrumw	56348	68501	58552	
23638	tlxkhbbzdckvnqhh	26353	23638	59188	
23508	grgbcjnczfmbuxme	54678	23508	74879	
91908	fdasuxgnwsntbnfm	36561	91908	23835	
33261	ubvdigaoxxfidtno	74767	33261	54205	
35342	npoesqzaakvzjhtk	31044	35342	92820	
45355	cgyncraetweudfvm	44057	45355	81844	
72663	rscrsvaftcvgztao	5471	72663	73158	
13496	hcclxugghlfxaqib	43588	13496	34594	
74874	bpjmsqxyqzdtaogx	2817	74874	78140	
67592	eaduiqpuucoiqoqy	46141	67592	23206	
1793	tkreaezgossdkctq	17315	1793	16306	
90869	cfwcmjgxrpvbdlbc	93357	90869	13992	
10246	yhccmbwkxylaqmet	29596	10246	87987	
74485	ghhzjgitcekrafhp	98809	74485	99463	
84628	mtrcjjpgbjwiugbn	76276	84628	51394	
15578	fctqptgvaebzvzfi	76785	15578	95277	
50949	gtgoblnbrorxdlad	78996	50949	69053	
92301	bcdosebclndcyykq	79370	92301	7561	
67984	bykrnorkyowrkvzz	81531	67984	28637	
52640	kzggyqqfddcmsjuk	28108	52640	72750	
87100	wrfpjrqjkwtyyddv	28759	87100	79468	
38596	wretapynryjchfep	70259	38596	49798	
83199	iyvooxexttmarctl	92218	83199	83127	
14149	fnxaeruupjyvmrsb	18020	14149	9499	
41327	hrkqbpijzsutlxpc	53262	41327	16524	
79168	rchcpoprxnrtbntu	72606	79168	99397	
81769	exwufkewlikebmxs	47488	81769	56239	
16100	cpdrczraphrbjhzs	55466	16100	67489	
60183	pqkamhhifsxjkrxn	46893	60183	7568	
8428	ydpcwxoadaqjpeqf	68261	8428	49607	
59533	aolxvshqwfsxdmus	87690	59533	18271	
76308	vrrmmxnngenrmnqp	1039	76308	12874	
3357	rnagfsksbsaichyk	54688	3357	40768	
19612	syfgbyiwjanocdwe	64140	19612	29410	
33266	cszonesjtesoahvu	10544	33266	19032	
59664	dxpaaxbhfddksezc	40035	59664	12766	
11290	jpfthfgoyezdjgpg	7143	11290	92378	
20653	cgxfexshdvtwflew	70334	20653	23535	
55113	ydngyuyekoqhnpnt	82116	55113	83463	
54983	euybjywdqnjjjqly	99333	54983	81504	
64216	qnmvqqplkfqasoch	57600	64216	51921	
94775	rsyfndaadypyjexw	54078	94775	95090	
758	bfhtnwfooajiruif	54635	758	73778	
55504	ufyxmfsupkrbhcgs	99946	55504	85348	
24165	ayagbzwafujsmkdt	20266	24165	17006	
68508	jxzazmfwlgwaxmzs	30921	68508	745	
5700	egxztagofhsvlxil	87051	5700	73060	
43281	puofvonbjfzywayp	65364	43281	80581	
56675	olrlbhgladzauhqn	44368	56675	67550	
81513	veuvoetecjdxupic	99049	81513	37895	
29628	tgrlwqtijiyvmevo	72884	29628	85581	
87755	vrsrlqbncqkizyft	86699	87755	77213	
63308	xugitfzplzuwgiah	15961	63308	56524	
370	zajldslsuxnxkbqb	22702	370	78173	
44713	znqggtlicworkjfy	90108	44713	57730	
44583	opqlqxdaghnlfsnx	69938	44583	40805	
54076	horonhykrmfqqwlm	44506	54076	78663	
43673	owpibedfolfhssdb	15149	43673	74175	
1151	zvxihwodjxqglnhw	9364	1151	31130	
631	lfhoefrbhknpnicw	62804	631	86860	
31190	jqqbiopstlloxstw	51555	31190	55879	
41073	oawqtoqrcgpqqwec	46201	41073	96453	
9214	bagcrivevhicmbev	13313	9214	6901	
25989	oulgmwbvovhxesml	64547	25989	69991	
73583	uwszdwrmifgjnook	84739	73583	26495	
4273	cjrhdemwgtehlmws	42662	4273	96417	
37043	hnnvpwbijrhchzdk	33401	37043	23828	
30021	diunwhnbwflavgmg	30210	30021	4552	
53168	flqdfyhrwugvwclb	55668	53168	1971	
21699	hscgyfbvgwfdrtjq	49289	21699	59933	
42375	vhykdxkjbjrmcetl	89947	42375	44148	
4274	fbolueryowcvdrge	18236	4274	70467	
20529	gqgboyncxdwareca	27439	20529	14525	
37434	wtgncmhpyxnptmcj	58944	37434	73023	
50048	adebwadirblzyvdn	63426	50048	75167	
80997	dwwodxaufnejiabf	80081	80997	41682	
97772	riwwdqtavmxuxxlo	53074	97772	36370	
86589	pkckbppkiimighvk	58496	86589	13305	
51869	uhtidsjyydeeyqkn	87527	51869	41917	
27682	hnpopjfjanekxvqn	37261	27682	61165	
79047	skzxtocfbupjudzx	78043	79047	77101	
30413	rzfqjrjfhimdxlrl	115	30413	75614	
47578	audzgmjfzbbqfwmz	16772	47578	40050	
95692	csjtemwktthepkrx	34461	95692	12734	
43937	zvjnptaokpkslywn	11888	43937	36133	
5576	qvrujkahcpiqijaq	35406	5576	37341	
22611	fcucnnxqdqmevqvq	66498	22611	57937	
53300	usqifzdsxfxrwwxo	32353	53300	44756	
22221	iqzcizmvylkdmhdw	61622	22221	70016	
8047	exboqicxjfwfmzdn	91722	8047	23082	
21441	zojntgsaqpsfnsip	27308	21441	21796	
69425	zfinmjwyozzotbpg	96213	69425	49920	
52130	mubvohoagkjkeawo	46590	52130	35126	
41727	bbyqtywbrbayafun	81966	41727	59298	
78528	modcsjqmvkzwteov	1266	78528	33716	
53301	zqyewicrmbbcrorj	55406	53301	96066	
53171	zgxfngtuprlckuau	60610	53171	33310	
87371	slnvrkdibyrejctr	37098	87371	49634	
11429	qibtofavsdrqnjmd	9520	11429	30600	
10649	vytxsrmweefjsxdt	61385	10649	334	
70857	wwdkzfiwdptukida	17497	70857	26272	
32756	jehijdaczjqsbooo	66275	32756	33750	
53432	qtupytjxfztcgzql	90723	53432	62998	
1677	zndhqghovqhgpiui	39564	1677	14513	
84121	zcpbmwzqkvhptjua	36970	84121	22532	
7659	dvydtsncnmtxvzow	21655	7659	33755	
55903	xaqmlqcatodnjenm	38959	55903	39728	
14421	bryajzbephwkpqlm	4253	14421	8001	
68647	pzhrctacdpjjphok	28695	68647	10348	
99596	qpaogymqocbmpcqh	39819	99596	32137	
61105	udpvdurgdjyaxclq	79998	61105	54587	
5059	weowvkjwytfybiyh	35204	5059	32820	
55384	lagbfevdchldkvbp	34900	55384	85040	
51613	rxjbfcfjvkwtvrln	13057	51613	83116	
17023	yqxanicroypmkesj	5103	17023	74421	
92315	dbaqyvblnauumywr	37228	92315	23360	
64617	eenjhrupxvzeixea	3895	64617	88387	
74760	ebjhssvydzbyvpyn	65331	74760	85928	
98427	ijxovmvxjgrhzsku	86567	98427	53499	
70599	wpinydlbtkuftqih	49748	70599	80289	
32628	zdmzofmfxtpdxhef	53118	32628	60954	
59806	jummlsiwjavabgmv	85097	59806	29131	
4150	edutxaybwismzpuk	12031	4150	60668	
55385	vljtdocobautnzxw	67073	55385	2827	
58376	bnkkrlyhxiohhigs	58440	58376	48656	
61757	nfqluaxjsqxrfeeo	54433	61757	38305	
81393	tamduzfoydabqeid	4853	81393	9612	
42772	nwgpffupxzhmwbpd	61441	42772	75779	
62798	ndnwprlqbnhfpbkf	14470	62798	81570	
72031	bnlwtmrlvcpwdthe	8994	72031	76686	
9613	ucsnzidnsgatrtrs	9235	9613	3148	
2591	xoektntjeotyllze	59599	2591	5441	
1421	xihvseixzqnfwpxf	23659	1421	99800	
21967	eevhdfbhswhfdvyn	9165	21967	67195	
39132	azhvsmebwewpbbdi	97979	39132	35736	
25218	solbcftsazmyszcl	75961	25218	33550	
56428	shhdteqyailmxxwh	17802	56428	89526	
17937	lkkncdsrkdkrcyke	38721	17937	26699	
5844	qfniaszfdrpkmjpy	55144	5844	23089	
19238	qgmdqrwdqeuvihii	24867	19238	6673	
32892	ykpssknlvohmnjsm	69993	32892	46893	
36273	gtusitsthuauyiun	40062	36273	92916	
63321	hqlbsobsngrhrgse	87383	63321	20577	
49277	thhjkslgmwbazgzq	47578	49277	86060	
79966	yekxvswsksbscroc	52101	79966	61620	
27431	cqlevpnqhbhcibak	54434	27431	60784	
96351	apxnlucrhzlpatya	38441	96351	66400	
72164	qybwxyjwoxbwkfqj	94409	72164	85880	
68523	llwuixnjsecrdaao	92510	68523	16588	
88809	yobggyngasszvofh	57104	88809	73961	
8836	xuimmitzvwapazky	78722	8836	99135	
91280	ewejvutinnwnsvmj	59281	91280	2442	
77236	fnukmgwizxxhnhoc	54989	77236	25119	
28342	sdzlrrkgioyxsrys	81627	28342	37319	
76586	unakyoxljcefvtiv	40200	76586	10810	
45507	zzkrgtmqoexbwhdn	35985	45507	3289	
644	qwgkemycezgyhvio	6925	644	63796	
79837	jafjhdssfoztgprz	96997	79837	15328	
20280	bbizhvnzzjibkgyn	45470	20280	47474	
16639	krqxpallzcetlnxh	81429	16639	60733	
64363	hnqraduagbdefpje	29076	64363	62595	
40176	mstmxrcqqficbcan	49502	40176	94839	
32244	uuldsjgprhepbnzq	44416	32244	89364	
39006	zalrrpbejhmviyrt	72374	39006	72309	
62153	xsitlyqysereaxsb	26119	62153	32008	
30814	tickiwfqxdqotauw	50814	30814	15318	
26913	yuivydmtiluvqvli	81086	26913	49993	
85430	wompxmomtyylcrzr	3067	85430	76037	
81789	imumhltrlurhcoqc	59184	81789	35060	
29644	vzseijahucyuykup	16831	29644	4763	
36536	iolyvwyxwcontqie	39401	36536	43914	
43428	fgmqadwxbudmgdpc	38973	43428	35323	
22622	dhljvggjjpktuzfw	92418	22622	70961	
12219	zonkpmacvoqoxbaq	11310	12219	45923	
8578	ikaguqoawerkykot	61243	8578	62492	
43689	qwaiqpkwxsszfvix	57462	43689	58543	
15211	petoiaknjofxvvkp	60406	15211	9546	
48111	ycioghgmvfngyygb	26573	48111	27545	
75679	egxxuaaswgllukla	57229	75679	29453	
4939	kyfgnpwqtlsrwpvw	29700	4939	11094	
42780	cglgsqdffqaiqupr	7141	42780	23665	
95056	wacucnlvcujhcifh	79818	95056	33385	
59946	rlxymtjoxmpbpvqa	19180	59946	89473	
73600	iovlblqqjudocaiy	79602	73600	89128	
10532	mmxszjssaovlzqzs	10858	10532	20176	
99998	xybxvmmwntnwoawv	69250	99998	79145	
75551	qntohkuojylzlcvk	60603	75551	35881	
78802	xqwaduroqjhgwebj	74787	78802	95817	
37060	xmigpdewsecumvge	41403	37060	35662	
81273	iwyaguvuwedxgcdk	66779	81273	60596	
63978	jxlkbwvrzoaagzqn	20654	63978	64893	
32249	ebmtkejygktbgjvh	33131	32249	9641	
45773	atsrqtvovukdwlaj	7074	45773	50719	
14044	kihzxiuivryxubvv	40964	14044	92245	
58517	feazhxlhiulvbuhx	24528	58517	73662	
13654	daubzdchtwsnxtoq	29782	13654	47253	
34070	etvrukzflycprqwy	42792	34070	97453	
16255	quaxteiykmdvvofa	96335	16255	47374	
91677	dutplfzqiamkitvu	63337	91677	68474	
60338	grxzvxjtplgfjept	73657	60338	58685	
18466	ibqimpfqfymqwwaj	48829	18466	57277	
35241	kblididghyucdlfv	30008	35241	73806	
52146	ticpmvqvgzzasaue	33971	52146	28569	
71262	fngoxgblfsiblbue	16585	71262	29177	
36282	nzbnrnpojrcxvdni	84718	36282	85393	
38753	joscdznnknwbctgz	89675	38753	16391	
86347	rplziqzsduutgewe	57637	86347	47902	
82446	szazilxivhyfshqu	96786	82446	91421	
26530	ufqdcptasqqtzgvz	389	26530	60241	
60470	jzmfkrotcnltmmjr	22657	60470	46995	
56309	zauloqeteodwynec	20619	56309	81666	
45126	tewmqukrljlrignb	35940	45126	12731	
73995	fqzxwmxpfdtfwhcx	86328	73995	48258	
58781	fjgavfexrtgiajlv	14936	58781	56867	
99743	ulxxftmlcrbwvsvp	48729	99743	9025	
47728	wkznwtdjcenaczvj	93815	47728	72924	
71655	byyyjybbbdqtozaw	85798	71655	6269	
81928	bwenqfsjoioaqlxm	36452	81928	85423	
26532	ljgsuzdkblpjxyhj	51931	26532	72295	
94542	pynnwtlsamhgkaux	60253	94542	61674	
91031	hqikethirxcrflgz	14857	91031	57425	
48899	aquxlwwpqtneaawb	58889	48899	88841	
16520	jpwfoscreulwslxi	17744	16520	48182	
64764	ztthxfiavzcakkrk	16996	64764	93308	
60733	vwkuldtewkulucyl	65100	60733	79903	
1956	wunwyofblsbvwzln	92430	1956	71473	
84400	bwfqtykpqdzmrpxw	10241	84400	25817	
97404	rcfierwgheafoqeu	44056	97404	50566	
45519	yqqeycvyxrhdmvad	71109	45519	99539	
76468	wenydliazxbhydfk	91703	76468	78181	
16911	ilzqndaxmwzgczgo	1089	16911	40799	
61644	ktgjeihefmtrhphg	83267	61644	82588	
54492	ynubbtggdynrxyar	25505	54492	62273	
61384	uqntfuonhsxnoocq	53654	61384	62828	
81930	tgxcdehbrajtecqg	32601	81930	83173	
92203	gdedethuolanyhiu	46115	92203	28613	
59954	hrknamxvzuxjlqlm	78839	59954	39606	
79980	bhxdjipuwhiwrzcc	19164	79980	45109	
4038	esbruqcokhukhchc	49236	4038	30530	
3388	jezusrogjjqowjcb	48181	3388	90276	
74779	kwlielagsolwumnv	38052	74779	73197	
42660	wzhdqnnwuyksttrw	22008	42660	56530	
11451	fzrusyvxkkvygmge	12243	11451	15263	
66457	mrwolqttpzlbszff	28138	66457	74429	
26406	strfckjaudxrregg	80519	26406	31736	
84923	fhakifgubmfvhwyx	73325	84923	9585	
21075	oajgiufmevewcosm	53684	21075	89425	
53325	csjuaspclodzaprp	20635	53325	32229	
77382	mcalmvatshkhowwo	71947	77382	45930	
32259	iwaccqkxemsryanh	77311	32259	55806	
90776	nvatptcrxxsdkjgq	77171	90776	83242	
7812	yvvvoobddzyedibx	50090	7812	27843	
69710	rytoqrbcyfyqhkid	53733	69710	25605	
38631	ngjdskbkgmwdijdp	2105	38631	82187	
24717	zvcyjmeqnwuedkir	98638	24717	43751	
62558	tgbyerzkovtwetqx	2887	62558	27444	
13664	owhtbtpfrezirmij	49749	13664	44378	
30699	skvmuekquxdukjkh	80905	30699	74089	
27188	xicsonexyulkyvxo	30868	27188	22336	
51245	lywuatlzqnnknshf	79975	51245	68043	
2741	fixgfkdzgabxicur	73090	2741	81790	
81414	jufelzejimdxjuul	89934	81414	8545	
36551	klunomjmuexprcbh	30685	36551	9037	
46824	chrueaviuamnvfvq	57335	46824	62044	
46174	jmpafuefzbqiiytm	18008	46174	37039	
59828	mvgvgefuiscdyheu	70255	59828	17786	
28749	ontokwzkprtuovpz	98795	28749	65303	
55797	rewfoeplnppwrayf	89160	55797	71401	
65940	kdpkjthjrxltryqn	79222	65940	66776	
2092	oodvdhtbibigloje	12289	2092	52574	
84276	ynztlmsytlkwbwou	93456	84276	85458	
46175	hfcvslclkyofyoms	16830	46175	71101	
3783	ntpcagrzvpavzftw	5642	3783	73570	
47346	uzbsidlokponrvwu	73241	47346	80643	
78035	gikckjmbdbjmawuf	72990	78035	1763	
71013	ijbpwbbukslfbveb	34225	71013	95365	
95070	aiiplwmqdziyrkgq	95402	95070	34567	
59440	aguviximcwzevvtp	49836	59440	13231	
93380	yqclzsgpqrqphnlq	58152	93380	27029	
82977	tulytfbxtzfujdoq	55574	82977	82638	
72054	cysjrajbtkkmqzhu	89344	72054	34508	
9896	pykdimfvukpkezeb	71617	9896	6979	
37464	hrwstdskppwdjkbo	77034	37464	2536	
84148	ndwlzpeyqarozuqn	4634	84148	50279	
76996	jllnsbpmdvzslwlr	69144	76996	98780	
42406	bipdalwjsmtgulhx	19899	42406	9507	
76866	tfwhzzoiyzwqisgc	72009	76866	86366	
25111	bczgckdfmzhhkqgg	64461	25111	24974	
72055	sfgknihokvfuzcoz	3034	72055	45491	
99623	cnbdmhjfwovwgwry	96257	99623	58793	
47738	sagcabphmuuqxalg	74264	47738	48489	
57101	uzqprnjsfpbvllkp	1044	57101	94221	
12108	fqyoqslgfupenvmr	75709	12108	88506	
70365	hxgppwobdvgqkqrj	53507	70365	78678	
21991	ajljsrfhdzbelkba	76328	21991	70311	
76997	jnzqrditzhrgzakm	66599	76997	28499	
82979	iqedgvkgvjsdojej	63491	82979	83824	
72576	rwqoegbenbrbaggd	53028	72576	34052	
54891	orswggtnvnjlgvko	82698	54891	65147	
58142	vfzejxcqptbowsdt	85388	58142	40365	
71276	btafomtitthabwod	13395	71276	61317	
73877	msgaudmzrrptorif	25947	73877	64742	
80769	pdfsuvczoqfwhofr	31220	80769	4872	
8078	bfrgneuffqcwyhky	64521	8078	12759	
44749	dfwnqlytutvgotwf	6488	44749	21748	
47090	oycpyzxciqxpsnvh	64051	47090	49518	
43449	mraqzznfxmkxagco	3430	43449	1034	
88182	yutsuvaufiaytiyp	67200	88182	54854	
90913	zmgibihhmkbcretq	22359	90913	28803	
17832	ylkfixtpogmwfopj	72108	17832	70927	
24464	ryvcwlinmoqugtbu	90463	24464	75110	
37338	yugsgsiuctyxvlzp	67602	37338	54154	
99366	yrevjxqeljrwljbw	66901	99366	26330	
44100	efahnuuboemfeick	40009	44100	50834	
61135	mibhmmrrmqcvrvxc	42305	61135	63324	
94035	thafayaowouotcxj	26344	94035	20016	
62826	divytroobhjxxsfn	13875	62826	97505	
90134	sedqkxkddetpydmd	94638	90134	68106	
34868	bfstyqpxzprkqdln	12631	34868	55588	
41760	dkrgpvnkrjhnxent	21618	41760	91729	
18	nordqspfenydvash	79149	18	4442	
54764	sktrujfcogqpvrhk	4717	54764	4707	
61396	fvxglaujfnzhzhah	69187	61396	33827	
85453	htzltasxzwogkkmw	66007	85453	56889	
64517	alsgcjrzhtkkmvzq	11219	64517	35150	
74790	dgwsxtxkohtlioif	76362	74790	87802	
60876	zcvkimytvrnphxzz	120	60876	44893	
25896	dunycxcwmpzjiaky	28014	25896	64496	
60356	uwylhbawuiwluxpu	80462	60356	49920	
94036	xpsyxixstnworkqz	33967	94036	63560	
45662	hekzbqksawbratxl	98004	45662	10878	
48523	nedhlhjelugxhxgq	35355	48523	40908	
44492	dryprvmicaywtmpb	82817	44492	84616	
78952	dhwddkahcbmziozr	87658	78952	44755	
89095	vvwyrheomtlyahlr	91608	89095	20397	
9772	gzwubhphazvycdav	24955	9772	73453	
50864	zhvjtwkvixebzrvr	31937	50864	36543	
71540	yaxbewnjacsvfqjm	83055	71540	36501	
98718	swguxigssufhyfjb	75182	98718	56347	
81163	yuojrldfjeqwbbnk	8438	81163	44875	
63608	hhkpvkjizuwkajqc	88307	63608	31895	
25637	zbzyykqxosqvdpoz	97054	25637	75199	
32529	bnweibcrzbnslfwc	95914	32529	95447	
49694	wrhpiueuvoguevaq	64738	49694	6472	
32399	nukdloyndscobhck	24019	32399	2801	
28888	swcptlkfehoruimq	6200	28888	74065	
97808	mhczkdenntnoofkw	82353	97808	53685	
46053	qbrfaykwzlncyynp	2949	46053	43136	
56066	kimznksbclddfadt	98959	56066	19793	
33830	dfqocsbkaocqqrmt	3811	33830	8080	
91827	yzhyelqbnapcsmrx	74203	91827	48474	
91047	mvviwafxxtmaxwcz	74085	91047	17274	
56457	qiaxlnxyxnqvtemh	30093	56457	72143	
28759	wzqfaxlpgyldqirg	61638	28759	19086	
76223	yfwtfnddnfteowpj	20662	76223	26038	
23818	nodsekndizusavxg	37470	23818	68024	
1972	wcgjfcxhehjyopgn	75002	1972	25778	
94949	dgmbzxbialbwmbcf	42159	94949	21437	
91178	ekfpfrymuopnlchf	83268	91178	43708	
49696	dnocugzrelpraecp	42277	49696	96371	
11335	mpihriwdkrkpxkfe	76141	11335	11559	
31881	cxkexubjhpqzawbo	97065	31881	19792	
79865	vkscilwlqivwyjdr	63813	79865	48765	
90138	matjnsgmxerocqyq	64501	90138	28767	
69072	zzbtopqlzjijfjgv	71534	69072	97918	
9125	hhsnhejvmxcesbeh	40378	9125	14416	
48657	mhnffpbkxdkxggko	24527	48657	64872	
75965	oypvdkogaxnfepks	21555	75965	39635	
41375	rtmjnemosruqcivw	40326	41375	33602	
82337	mgdegwvllijcpacw	70697	82337	73850	
2494	zsbmyveqkdjjawaf	84825	2494	65013	
47227	kpdtnpgyttmcgxuo	80939	47227	94169	
84808	mqnyibdnvltcjdxd	55704	84808	23274	
84678	pqdoyesgoveulhzy	45059	84678	68340	
87539	umdambtzilbupamd	99845	87539	85692	
82598	rtpxmxwvcrnglyod	61869	82598	52423	
99113	rbudnziieecphpoh	40950	99113	3204	
74926	zknhupdfsbjnlohe	71104	74926	89679	
23171	gqjxhyhfagxmfbor	34487	23171	18501	
93652	cyvkkbpzueycatax	81866	93652	77897	
3926	grwpnrfciqjokzfi	38185	3926	83982	
7047	clbtrjlugvphojwy	99985	7047	87080	
75837	rmiwoeqnwwrjgibz	67892	75837	80098	
85850	bmxmmtcrtqmpbdvq	5177	85850	44011	
49830	upmxyoiocjxtarum	79940	49830	26986	
97944	fmgptqgbqzvazamz	66192	97944	19972	
86891	ftebhoalijyliyib	86942	86891	71186	
14330	vfzlwmmdolmyqyha	9231	14330	81400	
47620	ummdwosdawfkldkm	77360	47620	37289	
19272	vdvubiusgibapjky	26800	19272	82359	
60364	zfhktdxncgmoykjw	67116	60364	57273	
94824	cnwonexhpgdyltsi	49027	94824	76724	
42289	tlapvnxegbiozbvz	45863	42289	84370	
72848	wmezurcxydoxpmmn	86731	72848	41400	
34097	qwfolodrxrxhjghv	51821	34097	3201	
29676	mrrrzcukzpefxyym	4204	29676	78375	
11991	jagwpkqsrdfuwmck	20161	11991	38397	
42160	uosolbwazovukjbe	38247	42160	12263	
4189	zigugdcdgjfarmse	23446	4189	37911	
90274	ykykccjgigehymsv	76229	90274	84961	
96776	vstecdwgynwihqyn	15301	96776	49103	
24345	tveuhthfngaxtapb	86336	24345	93548	
44891	aeubaadlchbztgfo	78028	44891	1440	
65307	gkluekkgytawyhwq	62373	65307	89314	
6400	cgikuvrifoficarw	53443	6400	14151	
98727	qukgtlosuhrouwan	35054	98727	8797	
98597	ikdtxhevujlntcwq	16487	98597	88227	
60236	tqhneajrzoxmilwm	17360	60236	75364	
36049	zaruhrnlktqjmqjd	94517	36049	30822	
94566	etjwafjumfnakfcu	5222	94566	41303	
90925	cjrawjymgsauhehj	83856	90925	61660	
419	yybhkhtbvqetwfxd	53901	419	72702	
29	abqhfsejaqiwznsx	67491	29	45903	
13683	hlqhazqcufmvrcin	64642	13683	70374	
23566	foizmtglwmgomtup	43857	23566	4253	
67519	fnvinltsajmqwssc	57287	67519	95939	
98208	syfocuaqwfxvjrei	63812	98208	88191	
32409	skebcpvkgrzwtjji	96332	32409	56244	
30979	ntibwqowvczgbkth	74198	30979	65407	
37351	gblcwadyycixavht	22887	37351	26625	
30329	mpzelmbebgafsisj	76391	30329	70030	
29939	pbdgdaxjcwlujnul	49177	29939	10848	
53866	adtyrddiampbknhv	1966	53866	84471	
5232	piqsueawnwxdxuie	33197	5232	57774	
42943	dtprzplqwzalrzwz	63597	42943	85016	
84295	sgjndiepeyfokqpb	79164	84295	92149	
46324	hbqmglqosdbsptua	7005	46324	60891	
52566	ibljuolgtzacjeqs	43747	52566	20416	
83385	dflodjimymooiksl	1003	83385	21187	
68951	dtwfbclkvuijbvua	87975	68951	68296	
99770	kgjnglsixeqbdrln	78987	99770	43224	
78704	xzwkxawjidaqrmtp	42665	78704	17969	
37092	pkqkrytnhbnrpmna	37010	37092	44141	
91708	rwhpdbrnmxqpioxf	58359	91708	10817	
60499	mggfbmgkptkvelyt	68698	60499	63626	
32671	nqdxruusohphajmh	25114	32671	96890	
66481	nudhckqafsrjisrl	69475	66481	9984	
62450	qlirzhfkwdudprsn	68363	62450	9930	
86507	uufhhzkcdqiatuwv	75139	86507	35844	
93269	vbyukiiclxjboahq	25494	93269	1968	
71943	gwpnxffmaearlkjg	16470	71943	95904	
16157	ekltdfnypdtexspn	70251	16157	8800	
50097	yrtrfhllhhqehbnf	65576	50097	470	
98211	imhfpurxemttxoqr	71769	98211	95104	
83777	jhoehncvhjzwjqfl	26814	83777	38044	
50488	loibpszeuxsbhwnb	74093	50488	65377	
19149	gogwxvszsbakelnj	94792	19149	17875	
53609	qainqnckkznahhdw	48413	53609	65015	
25651	dhnmyezfvlshbxtu	60024	25651	35300	
34884	pmkootertmdsjlbl	85703	34884	33322	
65443	znxlijmjtnxnkyos	61938	65443	68535	
40476	ypcemhlxqbvonjxu	46150	40476	57627	
36705	hbjcretbycnqltqj	46162	36705	46091	
91841	yitrcynhirqyqawj	22097	91841	99346	
67654	odvnliitghxzuuoo	1117	67654	39046	
95222	pyefvumalaohtxbg	89216	95222	3154	
25652	tcqenmjvojurhetz	20064	25652	27795	
49449	qhuxtquanzvlkbiq	70838	49449	66231	
56341	bomryngmykpywiks	22772	56341	12795	
97563	skwbxgynglrywrnf	62699	97563	43017	
87160	fylbpbqpquzzhuey	25272	87160	29124	
21621	xfheyfsuysjmygeo	50526	21621	45644	
65964	wkdkcfzdkssudhfv	21929	65964	93156	
79748	fiembjaxsdtwqmrg	25434	79748	23248	
78838	wtxpowrjyjtaehju	32444	78838	18234	
43468	jdfgkwealsqrfzku	67198	43468	64401	
81049	hptlakxqohjyjaro	43966	81049	54607	
14340	nsurqunfnihuqazm	61835	14340	54146	
79489	katikqdhigaldimg	42184	79489	85411	
55302	hpzdygzeyosnqyhu	57502	55302	12727	
65575	ialhcthqjmbebnta	26556	65575	56046	
68956	ygsxshsbdumuligt	85412	68956	25306	
89632	usirktmfcokzhsxl	99819	89632	6304	
34366	lgwtgbnkysrevmgd	71210	34366	95529	
75328	lrjyullpdxkofsld	22905	75328	69948	
57903	fmxsguhnjcjlcnoi	48938	57903	57893	
88592	rcjlrdvryayalrpl	52698	88592	33192	
8619	kcwgieorswzlucws	23232	8619	9526	
36187	rwrkwrfhncdvqngj	45427	36187	21492	
29035	nyietxnysjqtekqg	14761	29035	2376	
8229	uknrccbdxcbbywek	19631	8229	53611	
97825	faavukruwoycikdg	11219	97825	28356	
77019	jbjzxpkwfwledwux	11035	77019	34972	
14471	vlwktilrqvusedff	99443	14471	94352	
65836	igpdeczlraysvjed	57569	65836	50148	
37878	qocfexsscyduuylp	92042	37878	3759	
30336	nhjxktizqcncfahc	14745	30336	48000	
88723	jtymhyfmobkevwmd	89176	88723	37934	
40219	rqqsuskzqtlchyxc	40697	40219	68785	
67267	bdstvhyoyufojqft	5411	67267	95251	
79621	hekpnotumgtfeccj	65762	79621	20940	
65707	bdatyqvybicjcmbh	57148	65707	28179	
91715	npnhwtzajtmkokbw	1618	91715	26866	
39960	pvkslxtaqawcmcjc	53175	39960	79897	
8491	gnqfvogdjzualkmt	95949	8491	24292	
52834	rhakbkxrfwdabkwx	39858	52834	64555	
96137	abljlowkmfhxegfn	44814	96137	55531	
21626	yscznezrygbesmrq	51312	21626	67853	
62588	lvntxzcayvcyhpxc	83634	62588	99997	
81574	ktkhoojkugplkxzp	26383	81574	70157	
53616	vwwxdgqhqrnksojy	23600	53616	37601	
80534	lwjsjwlrrewgxnvb	32707	80534	60622	
23968	syudkypdftxdrqsn	90448	23968	74090	
68701	dwpzqmlbkfyxfeux	10119	68701	2839	
68571	qnjwflgmwvrufxti	63848	68571	16274	
6413	nmwnelpkzrnewfpd	89621	6413	14194	
8624	hrlvutcvalomynki	51793	8624	41271	
52577	nabdquiwgqekvmaj	70620	52577	73680	
51927	jwusxavttqwvxmvn	62266	51927	9233	
62070	pskuctwxwepvpyxt	54949	62070	60318	
86127	kttugaldeuczhxkd	30559	86127	75850	
82616	tfzbdaldkubpcrpw	15914	82616	75	
37623	yhsrbnrplqljfiee	10578	37623	70216	
71173	uhizouwublzzshtj	47511	71173	61947	
5634	wpdzxojdzoqivqxc	86675	5634	93638	
1343	ulouehnwiclurnok	58976	1343	61350	
97571	vztddfuonpavsmlx	77118	97571	1828	
11356	dglhgfhiwyypvvmj	64502	11356	19629	
86778	qwpdttffhclzttje	14711	86778	13519	
45036	oxxtiozwrmgcaggf	69748	45036	73726	
55309	ysjgaqlgzosushbw	81386	55309	44189	
92760	lnwpczxjveauqxmh	10691	92760	90285	
13177	lwfykyvmmsnnbrss	21861	13177	62856	
47377	hyrylrbnhcxubncu	40119	47377	82080	
9016	qfhzcqtazuwygyou	93515	9016	26129	
25791	ercgboxgzjmhzfog	30545	25791	67185	
25011	zzrrukfbiiywyrxq	39944	25011	54194	
34504	bzymrfjpdvfxaxld	75317	34504	34511	
17209	yfnhrrbyqpejqgnx	82203	17209	90148	
98873	akmqahvtvpzwmqyb	99546	98873	37200	
9147	lcfaexobifmrfpua	81185	9147	21065	
15519	omfxvpkekrodiyte	69437	15519	32817	
72866	wdyponvtvyyfmfdq	89489	72866	98123	
305	zbewyfwluyjxytxg	87740	305	69757	
40487	tafvoljmfxjrkklw	92630	40487	76738	
74947	twsfhomeuijusmbz	59673	74947	11871	
36716	frlxzdwunslfcmoh	32781	36716	2951	
12399	wgtjfiblghthqjet	11380	12399	82577	
45169	mlyrawhatdxrbpvg	95034	45169	87767	
96794	qvcbjvbwiddlxpov	11229	96794	14580	
89772	lswtqskvxgjjemjv	1005	89772	10755	
62074	cpovbmfxnuvyfiua	346	62074	35346	
89252	uihnrbnsrmvmuvqy	94166	89252	45386	
51281	jvyguysxdzwimgdc	41737	51281	97990	
20202	hxdywjhhceigthaw	75805	20202	70967	
57653	nfdscbveramobrhd	45667	57653	32418	
98875	ycjprqwhpaxcxieb	33115	98875	24571	
64026	yhbujfxufgbwupfd	70821	64026	50137	
29306	utddfijukjzzzmwm	25685	29306	46084	
98096	rtpvxewqrbydsaeb	48000	98096	76197	
53103	jrfrojaxlsaodfto	26625	53103	85651	
73259	spsfxoziwhjznftx	89511	73259	78978	
90424	xaovfagnhugwjuyr	98731	90424	33843	
31647	gervjjxlnresmsdu	12638	31647	94796	
76380	qgaxxrxhbfgluxze	61993	76380	23178	
14222	ckcuendhxxobvwaq	4258	14222	94826	
96666	mqowrphsbrpappzn	79507	96666	84521	
85743	kpdngktnkrgdqqvz	39376	85743	35464	
33208	bqxrkzbmlsacuehq	40016	33208	93335	
53754	pssqnxagtstqmpnz	51921	53754	25119	
36199	mscazjzcgksduqeo	61905	36199	74322	
60256	deesqkjmznrnplyx	20768	60256	34865	
10582	ssigflthetkqanpz	53536	10582	81998	
50634	lwnklfeiwhpskwwq	32777	50634	59576	
64288	faycrhbrcasonvmb	58084	64288	26537	
4601	zmntbxtlmuokkcaj	24188	4601	70565	
93937	otdmfhvlwehhsoeh	52207	93937	41282	
31519	kmtbtygdxupwxaaq	16337	31519	20300	
34900	slglmkuqqksiasmt	86512	34900	63801	
13964	cihzdbpfcnxsmhfj	13420	13964	65217	
79373	raxszqeqjkmjkcmm	22370	79373	81291	
44393	rztoioannpzvjjgx	12582	44393	82820	
58047	ryjwueutvcenhlwj	70278	58047	75885	
40232	vxkeajjktbgsxxkq	1324	40232	9644	
29829	mhshishqmpqrlutb	70538	29829	16171	
50505	ngteqeynubukywns	64922	50505	96974	
39712	tuybsjadwvwfnmcb	77541	39712	87922	
80804	mflqgtgblnyotsof	96381	80804	37070	
55447	quxnbmtatckgsvog	13454	55447	47488	
58568	mebnlgthglppgjqx	62351	58568	12218	
32561	yktfjhdedblnumfy	82235	32561	40451	
77294	qwxizzvjrnbfwgry	21378	77294	44074	
25539	rtzzelvmnlqshcsz	93932	25539	18525	
14226	qzvfpqypfowdripb	47328	14226	81459	
89778	ojbxibgvmksaduar	92477	89778	92687	
78335	rbgloivzbsxxqzbs	84720	78335	13119	
70923	rkeypfxmasrzxkqj	9800	70923	43699	
67412	detyzwoekxltrupo	19611	67412	47038	
32822	lskiusvbjmmeusbe	86683	32822	61627	
94720	vvkxjnduuegfzeys	93754	94720	23301	
70013	lzabvocfnaiqanor	54686	70013	39727	
83797	fsufuttxwvmxyhhk	28640	83797	52893	
17738	atyeemqofcinujww	45176	17738	74563	
41015	jxlgfjnbezxgabsz	95111	41015	60454	
37244	rawywjpvwmwxsmyh	25071	37244	16826	
36854	iqfltpyekecbrmev	78922	36854	43570	
5385	wlevgpdcirmwcakf	31121	5385	8425	
46737	sabbdcibffgrfkem	11791	46737	65898	
39455	xsgrzacifixmykyo	25530	39455	99104	
56490	zbbstdbsgyjvzkot	34451	56490	44091	
44787	udcnwqijpixnfvta	15083	44787	81088	
37505	zapaoqvziaujysze	25220	37505	61652	
23461	vsvwqcdgpkyyuvtb	25722	23461	62374	
67284	ypcaphmzdamvjxab	25546	67284	17668	
29313	iqfxmxjlialhhynk	80572	29313	40242	
63773	yalddvrrdvijploo	31936	63773	30027	
36075	gfgzvdsupsfegwzp	33314	36075	58239	
87310	llmbjlgvxinnaosu	39084	87310	92632	
63123	ortuuvbfumpnzuwe	28262	63123	65576	
62733	ajweidnjyleqtpup	10562	62733	97693	
96933	lfbfcesbizoyarpx	61057	96933	45669	
7207	hldcsiueqapcrvrq	76788	7207	85026	
96803	bjwhkmmzhpncdpow	6172	96803	15063	
44918	ahngqarsqefnhsxb	75051	44918	46661	
79248	nyavccfnlcoksvvj	82645	79248	19811	
29834	dlknmxyljvussrqq	17395	29834	8646	
8898	cxeehdkvahbdflxj	12871	8898	53108	
43098	rtopykawgxyzpdmi	76060	43098	25940	
66765	qcnxhzjrfbwovehl	36303	66765	23932	
97714	xrjxwelucmocfcad	47061	97714	4852	
18131	xkuwxtqempgexvgz	12415	18131	53951	
14230	nczsilxetkxigurz	28537	14230	17929	
34906	bfxfziyugkljsjdg	45675	34906	78940	
48690	togmxsdnqnwdvxwp	71044	48690	35586	
186	qkzofhnclnhsobqf	7832	186	36956	
10329	yhliwoeemseqpiuj	29674	10329	64603	
22553	widllrbhgzjoxeev	87976	22553	87150	
11630	hypvhvhlrntejmil	44646	11630	73031	
31916	chikjryepwijaxzy	27916	31916	99476	
17092	qshtytdhfkunajgo	12440	17092	68621	
70408	ybhandvqfauvqxkd	8072	70408	69822	
11631	tasgroaqfccdewos	9965	11631	37775	
4479	aolgcgzzcndafjsy	1057	4479	93241	
20084	vdncymcjjabxenrg	41506	20084	51376	
19694	njqulkklezsxwtbj	4447	19694	59039	
80422	pgmteicjncvjqllo	54402	80422	99886	
839	ennyifnnsepwotgs	94617	839	93258	
24896	bvcfdttfvyxkdkie	16958	24896	50169	
48303	ezjnnymykztcwkyg	33306	48303	34537	
48173	nefnuthwxxzdszyr	13893	48173	66249	
68849	jvhweplgwjspewln	6105	68849	24861	
51554	ovgzsltimguahyyz	70355	51554	8569	
75481	inwssbqakwdnwzcn	83428	75481	64305	
83674	lzlesviuiojtftnx	43493	83674	58544	
80163	ezfpmftmfxyrzkmt	28700	80163	14572	
20476	oqilriajzyuzcnug	27749	20476	15016	
85365	ncqncbyqlwrovbdt	70646	85365	55380	
19696	nnrizwnohjxhlxzc	22896	19696	75816	
18266	klboupxfdouehxhj	70613	18266	32163	
45184	mjeadwflgtvqukoe	22182	45184	81684	
44924	ieltvwkwyjvlyydv	82627	44924	58497	
51556	efzrvrstpcyhygwj	63891	51556	19868	
71452	hdwfdrydyeuoecct	66853	71452	31927	
70282	kbadwtnvipltwthr	97717	70282	99427	
3183	tpojwkbxpifibquf	3452	3183	99740	
47786	qihmwzeeygqolddd	85210	47786	29928	
95250	scwzmlloozngytkh	67351	95250	56024	
8515	seqtylncvymalhhs	7602	8515	31534	
11766	lolmpoiuenryvjtk	17965	11766	80115	
45576	rurpbzdzxjsxumed	37314	45576	71527	
80036	eazsnsccyqgfwsck	2533	80036	21131	
31402	dsobbyphggrybszu	86664	31402	74409	
24250	ilmjdpbwiyoeuoeg	27398	24250	26095	
44406	zfmptzacffdxdxlm	85153	44406	48863	
30102	bqbrkfvsfqoycobr	84351	30102	1737	
39855	onruprruvcfsmxkh	70413	39855	54823	
8776	wzvqvngtiackyskx	99000	8776	77740	
42716	siteudpjinnycclp	31523	42716	79733	
38555	ipnqhrorqwxefmyq	61749	38555	90911	
68334	pdyhtxsjdrslvxzp	71514	68334	99769	
23211	wvagvpvuqoazbcfm	96833	23211	46773	
33484	yqeimfzhojllntiw	17939	33484	87013	
25162	esgvauybllaymcgt	70317	25162	7718	
63003	ajruiaanviysxita	17334	63003	91540	
58972	akenngrcfmqonxjl	31805	58972	31855	
51690	gpiqyyqgzyxfmkab	42252	51690	40481	
79258	wluryqtkgmmhomhy	333	79258	94486	
37516	yanqetjotehkjxzz	9626	37516	92588	
92392	ndylwsasxsiyytdj	91189	92392	9569	
36736	wjaeguhduekeczgc	37511	36736	46920	
33095	yqkktdabnskwkxff	38677	33095	83558	
87971	atqbdijdpognibkm	94594	87971	46786	
46489	cekuewnhnhjbplhh	22486	46489	69258	
97984	winmplcuptfubwmn	17141	97984	49857	
56502	swpjcbiwtjlnjlie	58355	56502	79403	
52731	nhhamvojgefiepin	25143	52731	54823	
21002	fpvhqxtxtogjbctd	76074	21002	9531	
37647	iofirxvikxfdmobj	64165	37647	55234	
92393	cwcgbqxtvfxbgaci	66464	92393	86737	
84851	ahjyqwjeaugbrlza	75770	84851	9349	
7999	jsgbhazkvqyfuhrt	85565	7999	18660	
17622	zhewlbmdvuidnuac	51095	17622	60810	
35568	yywthvgccdnpenhz	52137	35568	56720	
41810	bsbpdvgasrsphwuq	7159	41810	60639	
29977	lauwlclooquxugzt	6743	29977	10882	
43631	jeipfbsrhehkgrhc	17399	43631	59362	
81472	bkhushxcevegmtza	85799	81472	5682	
67558	foaeoevhtlmidsol	92258	67558	88033	
67168	fapzrvzepilfvosi	16742	67168	13497	
8521	qsqfklkxkjedoptd	38845	8521	86891	
18144	yvqystsjmzsfdebt	64115	18144	34979	
31668	pdcvkdzrsgtlcbpd	24040	31668	87142	
83163	ezolxeyreyzdrxli	68872	83163	44951	
48573	twchlpsmoesgxzmq	23636	48573	21842	
31278	pnxlheaegxxgltga	43408	31278	14886	
78742	rqwricquidkvmajy	85109	78742	28592	
82123	ajjillpionvpxbbf	38152	82123	26546	
33489	lboglmfciagbwspr	43363	33489	98210	
64438	vabxyfodzkyxkzyr	23825	64438	83122	
50524	wzxncpgevofmokya	87405	50524	77799	
5271	oefaxepjrpmtxwva	84231	5271	78650	
63658	bscjnneadxiyvuot	14761	63658	41355	
73411	eweviapjmayxixhk	96915	73411	83895	
31019	qzucyuyzlmcisyxo	56735	31019	73474	
33230	npazaghylumqfxzo	80753	33230	7275	
32450	ueghbgnnmelsrmxs	56503	32450	70746	
45974	vyoltkaiboarwgss	14551	45974	22022	
31410	fuegmyryjuaeydfd	26558	31410	64584	
331	iwlctikajaqtcppv	52077	331	19741	
61449	fqfrjhetxuzhrhfc	29914	61449	12586	
26859	faqocmxnmgxyadro	86498	26859	99777	
30631	tqfvuideglfdbqkp	59920	30631	22499	
13336	ttpgfilchlrmqjnd	56032	13336	58392	
95650	lypffpkeisqxjklh	34916	95650	75396	
70943	tlgxyfcczyxaaxrk	60581	70943	75621	
46496	lpmvlngayylpohan	2483	46496	25887	
11646	hqcckzzuxlepcwxe	52921	11646	41897	
90189	osxzfxtpulhnfmgk	3944	90189	47984	
72894	wxfsnicywehbnqdk	32134	72894	50843	
93570	ctnuzmutfrdlbird	8150	93570	6040	
13597	guruzzppihnureqr	77260	13597	62779	
54559	gizpchbvbicbdfyw	94416	54559	19682	
47407	ibyofpehkqnccbdo	91886	47407	37686	
95651	xwvsbthghpwqmoco	49896	95651	13063	
53649	llnnsobltbimkyze	32394	53649	86705	
21920	mmbjxcdlkuhlhnln	11752	21920	77950	
31933	doozrypbtoozqfnc	27148	31933	37985	
6576	qjljdedfrbmmeiop	8610	6576	57765	
16589	hbtsewcwevgwsuqo	42496	16589	41829	
26342	okvkyyppyqpkaytx	45292	26342	66203	
74456	lamulvbvpzgourgc	13191	74456	92515	
70295	qjfstchlkucturur	21727	70295	74649	
4496	njqjjvdfdpwdwlde	57192	4496	43971	
87200	eyqvaeemokveamah	70093	87200	45334	
59502	clsywkukefbfhnlz	32118	59502	49514	
4236	ypalcrnpvjhbpsou	95793	4236	62867	
93702	bsrupvyxwwilqgzu	59566	93702	49766	
17500	nwzygtlrvbyqgzpz	89690	17500	12802	
17240	gpnofletcokiyviz	20128	17240	72258	
10218	kbmybylqgkseomdd	62469	10218	94737	
78748	vowdzpglrufxdhqk	56534	78748	51863	
2546	aagolvvavwkhqpxn	89899	2546	46342	
71466	wodcvkrrgpewsplv	24345	71466	43290	
5797	edluinmkwsbppxay	96188	5797	60922	
60153	jdpecxzyhnppgikf	71749	60153	10201	
42598	zbemjdrwsdrxxjyn	35817	42598	37109	
1116	rnznpheteyoaepcc	96370	1116	52504	
7488	itcwrdwmyqhvuidn	94380	7488	37897	
3457	vhsnqiostuoqpqsg	98347	3457	67702	
54172	hewzcrbnwwokrrdt	30413	54172	428	
81610	liimxrmybgykzttm	97942	81610	85782	
88502	uwefwdtdfepkdrgz	62259	88502	82660	
5278	yryklyxozglfnnil	24642	5278	61021	
52352	hyldhiozldczjocj	72355	52352	48229	
14381	fwalztrjtcenvntw	64903	14381	35451	
89933	uwgobupiwqutmqzp	30018	89933	34365	
6839	ftqeekmuosrqxlql	5352	6839	15198	
54823	dmqjyqfzyoknicsz	65742	54823	97939	
21664	rmybzujxyuelootm	75784	21664	69900	
52353	hhkhuijwhyqkxkcy	18194	52353	14445	
58075	pzragtqhlzeupzrk	46634	58075	20131	
35709	ulinqxfzqconywxh	36083	35709	50271	
32068	gfiqyysvvvndvxat	89479	32068	6354	
62887	sbbxwwotvzycxkuu	36470	62887	12857	
339	xqiqotunqhkhvsym	7221	339	53332	
65618	pbyuqypupnwnvwct	63722	65618	48546	
27387	dvikapmetnyeelfn	81594	27387	63256	
30248	phtmumaeiowxwduo	58849	30248	90054	
30118	anpjewfokakayfbz	8001	30118	24914	
64578	izwpuxtkngubdohp	36586	64578	55452	
36750	jtqluumedmbjpijj	5713	36750	91546	
50404	ihpogqzkgopqrnkw	85458	50404	30872	
91236	tcoeinsjzlzjalta	99356	91236	88823	
1510	utwdrqzcylqqqzej	52086	1510	71476	
59637	semeeziumspmdlkd	36298	59637	42794	
7362	xzycladzrautjypx	50005	7362	38831	
6712	efpanbndkqwqgosv	86427	6712	27468	
82524	sxidgsertdrbkyfa	14445	82524	74303	
71991	zvgfzjlfhgzhlfge	72963	71991	91862	
99169	guyozbulhotslxsm	27747	99169	35497	
36361	ldyidnwksgjvgqvg	75562	36361	31923	
4892	crpcqwbgqoauniuo	99163	4892	56776	
48715	kscsrrrsoppfykkc	94227	48715	22916	
19847	fdlknnllbeyooydl	86707	19847	6077	
93969	tuilqwdezzpmpqqb	91671	93969	98952	
24009	wvqeozwbwtslhctf	58679	24009	32489	
85387	kocrvuiqecurvmko	66844	85387	82953	
5934	uuvizjxcjycxibja	95965	5934	96003	
84737	saxpuesznxsjrmlc	2353	84737	31230	
81226	ydlnchrsbxxxjizs	66773	81226	89793	
15037	zqaebtmqsxhoidjr	51267	15037	96130	
52878	tnpbghrcrxrxatcc	18476	52878	89780	
90329	xpdtzejwxtggbpjp	64472	90329	31257	
90199	oyolvofeevnfiqgx	27048	90199	52875	
38184	ctxheiaakzxsdgiu	22466	38184	32200	
12697	lgntqggyvlvpwthi	7173	12697	45690	
5545	ztxhikfpepgfvsab	172	5545	30226	
21800	rbduapkmpfxnqjfz	48506	21800	56034	
21670	bhqsdbdmeltqguhu	95986	21670	62254	
83568	imlunepcwokaxzqi	11894	83568	52412	
45597	nfukckdphrlwfhsv	98004	45597	40693	
48848	zzhhwgwdtlaqxiji	68078	48848	34536	
3985	gyjnhstuobyixzfu	94167	3985	74605	
7236	rfwjbuynhzafvynf	84033	7236	20813	
96442	fttxgslakaemcljr	6370	96442	6733	
79017	qlzcnalhyxaikgcf	93818	79017	36555	
37535	hcqtximxjqvufzec	38125	37535	94004	
85389	elwtdrcuqdrydtyl	44611	85389	54064	
80968	iwljlvxprgttmrfc	72549	80968	88609	
32594	ahwxbriyfeaosxrf	94557	32594	85992	
11788	jkpkbtoqlxcfvfpv	262	11788	57807	
4766	prwrajamccmgikfp	49738	4766	82630	
24922	azboxkdquabyphyu	21396	24922	27990	
10618	zosjqkshejzjmfgv	57204	10618	49747	
72126	cicysbmrsqjjwpas	58137	72126	6041	
26743	gaiazxqbgjsfwdoa	6997	26743	62285	
85260	hciksxmadzwwsbow	1549	85260	68912	
46509	emnbbygjmwatyhzg	54299	46509	43539	
29084	ddqwicncncevdkyq	58254	29084	47175	
25443	nzuqiezfqqamrbbk	82295	25443	66410	
93973	dpdihsjovurslrcc	4613	93973	89367	
83570	qjaxcxdksqsvgncy	24010	83570	73778	
21412	spwivtiuwigtaozh	59432	21412	64694	
24663	cvruayqyiodvtuop	21161	24663	40796	
82140	cpjzqttfhrtjlbnn	89324	82140	95430	
6198	reavzrplbmmzlkew	3640	6198	45007	
2687	xvxaschozhxybeqe	64439	2687	78878	
2297	itzdxapulbytslka	62834	2297	43102	
53792	kqtslmlqppzlqwsy	18773	53792	95432	
60554	nipmdedtqexbrnhq	53846	60554	36720	
81230	iwoxnyneavvqybwh	11209	81230	55091	
21933	mchtyvyvaqnsknse	15431	21933	48553	
14391	xhujelbutwplbwgk	71066	14391	59720	
13741	ylzdbiihqyojzzuj	41616	13741	37739	
58474	kdiijmgkukontbpb	7930	58474	80480	
92804	icfzsffgquceibug	85257	92804	91017	
6459	ricmqhptfzbtkjrf	62809	6459	16558	
8800	izwmsspoaglirnfy	1714	8800	63869	
43130	ntzfzrriatxvoosl	59230	43130	9251	
94105	igbkmynrlqkaggog	58601	94105	58314	
58735	niiazvfnlfenqkzw	42288	58735	43599	
34548	cudfqxitrnsmvqee	62266	34548	91407	
96446	fgdisbbssxjgkyve	76465	96446	8772	
96316	phkvsujlblmnluzv	23845	96316	46134	
44171	rwbvjtqspzzeqxca	61485	44171	27826	
67708	isugehsumaqlivgu	68530	67708	34303	
12442	lipthbglczyzzelv	92488	12442	55467	
64067	hpskkzhbtjnmbdha	62988	64067	35536	
12182	wfgeywlajbtlojkw	26234	12182	59956	
22455	yeftgzyxmhnzjife	84963	22455	29041	
60166	yxekkppuxozxednn	7368	60166	53011	
4380	ibfcllalqxmdffsq	54388	4380	50296	
33639	rrwurnqtlhppovuj	50438	33639	44438	
43782	plfwdwadyexponuk	27154	43782	86472	
9062	qxdtgzynwedenawn	34106	9062	27692	
71090	sivscqcyzpyttjgw	51606	71090	50415	
26227	esszjpzqikrgdcti	84599	26227	98349	
98398	lsqpmvnobmmsvueh	39534	98398	65042	
19075	awdvcqxznhubitnh	51522	19075	70999	
35460	aukmucdczfuxatiu	25673	35460	63403	
59257	bfohryprtsaeuwgu	12677	59257	602	
55356	milnhhrvzoywtvwo	7706	55356	12056	
13224	xkypbiqloyabnhps	86682	13224	17655	
2821	vacewtyqdddvmvdh	27879	2821	60221	
2431	nfnswsqcmalyblcp	84897	2431	38915	
77593	ytpalxapgqghihsi	42869	77593	51920	
97099	pyaumyvtsytinevq	7911	97099	12813	
99700	tiybcrtqavkbxsqy	64617	99700	81561	
61339	ownfnhpmuthsnodv	80528	61339	51227	
95799	zvnefmktheedgsgy	37837	95799	14138	
61209	ntcfzjlwfoaclsci	15507	61209	39991	
74603	qrmjaoyauidrnjso	66982	74603	63585	
36502	jzysraearzgsbnql	4624	36502	45796	
67451	jkdezynqaznbtqkv	39034	67451	83541	
73953	gdqzcnbuyrbneclz	75533	73953	44348	
52887	yykiebhmeslxdlcq	7728	52887	71287	
70052	urbhndmwfsrfxnsn	2795	70052	69444	
41704	auygizfszieifujf	67732	41704	62915	
89948	cxcksnyahdlcqkts	10275	89948	30470	
58739	dojtmbxhjxwzbizq	16012	58739	88234	
72523	mzzkxihifycclcvo	71689	72523	85367	
93199	lhbgjpvvkjarwvrq	96433	93199	49255	
41444	ataizadzhlrldzcb	95870	41444	2238	
10365	syswudxeqewkspoo	127	10365	87014	
75644	sdizczlsbnpaoohp	14972	75644	49904	
95670	rvifykutcpedlqoz	69635	95670	47744	
74604	aexkjepqbbjriygg	14010	74604	46878	
77725	agxssfcvlwuwuejr	77241	77725	83056	
67062	yxllumkepcrrqljm	29605	67062	94427	
42615	vfebgndvvfujujel	81563	42615	85391	
94240	cncdgkchhrdiegsg	9631	94240	56991	
483	utvzratfbptitrrm	11193	483	19870	
61861	nykyvuqhpaprbwod	38163	61861	55799	
60431	qqidtirsjnlzwdbk	98106	60431	68605	
82538	wvwbgjsajpjgwgoy	20533	82538	98399	
51199	ytcqpchihdafdjwl	41963	51199	32756	
74086	wnxeqpuarahfkknt	79676	74086	71647	
90991	dawhxrjuaivqpmud	81310	90991	75241	
28703	njnxgzuyxebfebdq	19734	28703	60972	
56141	chianyatmhnkjukw	25564	56141	56809	
21161	cmdcoedjhchvbzwu	848	21161	47804	
72006	qixkdxmubnqxlspv	42256	72006	4825	
54711	kruwpxziemusfmid	7324	54711	8879	
20121	rbzhyiwyibuuynwt	28721	20121	89409	
30394	kyxedpfckahushaw	11084	30394	73964	
50940	uaqbtqewhgwcpxtj	54663	50940	1100	
47429	krudmaiuaxmkgqjq	9195	47429	48274	
60953	xtqydzgmtbbepuem	22355	60953	41359	
88391	lzeuccrgtxvudcxo	92465	88391	6485	
76818	zocbpwyqecqfjtfv	77730	76818	57624	
14270	loixtnhgbrhigtyk	41263	14270	81509	
34296	fmjpvpnmqmkppbqr	31603	34296	56664	
81630	dycuntxtgxhafrsw	2241	81630	6521	
29745	nahoqsnajtbhpyrn	80503	29745	88629	
70447	ovevzdsfezfiacjb	83865	70447	10884	
66936	omjwforwwhkvipoh	99358	66936	20975	
62385	xpptcageehlbfwsu	49889	62385	81161	
48081	ogcpnlfyquwhtiia	3305	48081	86839	
47691	hvkbqnbtfcdofovb	16485	47691	4897	
30006	bpfawbeeahpvszuw	26686	30006	65811	
33127	ziacjiroqihxgnhy	76660	33127	68965	
10891	hdptdtodeyiqcxmx	29393	10891	38595	
99837	uuwyrablzbbalvqb	36642	99837	16159	
41190	kkyomdfiqyftzdug	70213	41190	19676	
89434	aacrhgdajrznkxlw	13439	89434	3710	
16483	xsjblhtzgsnchlrb	26343	16483	63443	
22205	yuaugyvymdllwwoa	29121	22205	55913	
80462	bwoczfkibuirrvgg	84630	80462	80199	
97497	bhsriqpwsowdrlog	39318	97497	23805	
17914	tfylexnlwelgqynk	16898	17914	50843	
28187	zseqatnpthqqofqm	36481	28187	98734	
48473	icbazvunjnbwklgx	7045	48473	82758	
6991	xcpxjjbvlyqhrcrc	58695	6991	35993	
41451	rsthndcomfvjdykl	98210	41451	18898	
